80
[[0 0 0 0 0 0 0 0 0]
 [0 0 0 0 0 0 0 0 0]
 [0 0 0 0 0 0 0 0 0]
 [0 0 0 0 0 0 0 0 0]
 [0 0 0 0 0 0 0 0 0]
 [0 0 0 0 0 0 0 0 0]
 [0 0 0 0 0 0 0 0 0]
 [0 0 0 0 0 0 0 0 0]
 [0 0 0 0 0 0 0 0 1]]
80
[[0 0 0 0 0 0 0 0 0]
 [0 0 0 0 0 0 0 0 0]
 [0 0 0 0 0 0 0 0 0]
 [0 0 0 0 0 0 0 0 0]
 [0 0 0 0 0 0 0 0 0]
 [0 0 0 0 0 0 0 0 0]
 [0 0 0 0 0 0 0 0 0]
 [0 0 0 0 0 0 0 0 0]
 [0 0 0 0 0 0 0 0 1]]
16
[[ 0  0  0  0  0  0  0  0  0]
 [ 0  0  0  0  0  0  0  1  0]
 [ 0  0  0  0  0  0  0  0  0]
 [ 0  0  0  0  0  0  0  0  0]
 [ 0  0  0  0  0  0  0  0  0]
 [ 0  0  0  0  0  0  0  0  0]
 [ 0  0  0  0  0  0  0  0  0]
 [ 0  0  0  0  0  0  0  0  0]
 [ 0  0  0  0  0  0  0  0 -1]]
16
[[0 0 0 0 0 0 0 0 0]
 [0 0 0 0 0 0 0 1 0]
 [0 0 0 0 0 0 0 0 0]
 [0 0 0 0 0 0 0 0 0]
 [0 0 0 0 0 0 0 0 0]
 [0 0 0 0 0 0 0 0 0]
 [0 0 0 0 0 0 0 0 0]
 [0 0 0 0 0 0 0 0 0]
 [0 0 0 0 0 0 0 0 0]]
16
[[0 0 0 0 0 0 0 0 0]
 [0 0 0 0 0 0 0 1 0]
 [0 0 0 0 0 0 0 0 0]
 [0 0 0 0 0 0 0 0 0]
 [0 0 0 0 0 0 0 0 0]
 [0 0 0 0 0 0 0 0 0]
 [0 0 0 0 0 0 0 0 0]
 [0 0 0 0 0 0 0 0 0]
 [0 0 0 0 0 0 0 0 0]]
80
[[ 0  0  0  0  0  0  0  0  0]
 [ 0  0  0  0  0  0  0 -1  0]
 [ 0  0  0  0  0  0  0  0  0]
 [ 0  0  0  0  0  0  0  0  0]
 [ 0  0  0  0  0  0  0  0  0]
 [ 0  0  0  0  0  0  0  0  0]
 [ 0  0  0  0  0  0  0  0  0]
 [ 0  0  0  0  0  0  0  0  0]
 [ 0  0  0  0  0  0  0  0  1]]
43
[[0 0 0 0 0 0 0 0 0]
 [0 0 0 0 0 0 0 0 0]
 [0 0 0 0 0 0 0 0 0]
 [0 0 0 0 0 0 0 0 0]
 [0 0 0 0 0 0 0 1 0]
 [0 0 0 0 0 0 0 0 0]
 [0 0 0 0 0 0 0 0 0]
 [0 0 0 0 0 0 0 0 0]
 [0 0 0 0 0 0 0 0 0]]
43
[[0 0 0 0 0 0 0 0 0]
 [0 0 0 0 0 0 0 0 0]
 [0 0 0 0 0 0 0 0 0]
 [0 0 0 0 0 0 0 0 0]
 [0 0 0 0 0 0 0 1 0]
 [0 0 0 0 0 0 0 0 0]
 [0 0 0 0 0 0 0 0 0]
 [0 0 0 0 0 0 0 0 0]
 [0 0 0 0 0 0 0 0 0]]
80
[[ 0  0  0  0  0  0  0  0  0]
 [ 0  0  0  0  0  0  0  0  0]
 [ 0  0  0  0  0  0  0  0  0]
 [ 0  0  0  0  0  0  0  0  0]
 [ 0  0  0  0  0  0  0 -1  0]
 [ 0  0  0  0  0  0  0  0  0]
 [ 0  0  0  0  0  0  0  0  0]
 [ 0  0  0  0  0  0  0  0  0]
 [ 0  0  0  0  0  0  0  0  1]]
17
[[0 0 0 0 0 0 0 0 0]
 [0 0 0 0 0 0 0 0 1]
 [0 0 0 0 0 0 0 0 0]
 [0 0 0 0 0 0 0 0 0]
 [0 0 0 0 0 0 0 0 0]
 [0 0 0 0 0 0 0 0 0]
 [0 0 0 0 0 0 0 0 0]
 [0 0 0 0 0 0 0 0 0]
 [0 0 0 0 0 0 0 0 0]]
75
[[0 0 0 0 0 0 0 0 0]
 [0 0 0 0 0 0 0 0 0]
 [0 0 0 0 0 0 0 0 0]
 [0 0 0 0 0 0 0 0 0]
 [0 0 0 0 0 0 0 0 0]
 [0 0 0 0 0 0 0 0 0]
 [0 0 0 0 0 0 0 0 0]
 [0 0 0 0 0 0 0 0 0]
 [0 0 0 1 0 0 0 0 0]]
12
[[0 0 0 0 0 0 0 0 0]
 [0 0 0 1 0 0 0 0 0]
 [0 0 0 0 0 0 0 0 0]
 [0 0 0 0 0 0 0 0 0]
 [0 0 0 0 0 0 0 0 0]
 [0 0 0 0 0 0 0 0 0]
 [0 0 0 0 0 0 0 0 0]
 [0 0 0 0 0 0 0 0 0]
 [0 0 0 0 0 0 0 0 0]]
65
[[0 0 0 0 0 0 0 0 0]
 [0 0 0 0 0 0 0 0 0]
 [0 0 0 0 0 0 0 0 0]
 [0 0 0 0 0 0 0 0 0]
 [0 0 0 0 0 0 0 0 0]
 [0 0 0 0 0 0 0 0 0]
 [0 0 0 0 0 0 0 0 0]
 [0 0 1 0 0 0 0 0 0]
 [0 0 0 0 0 0 0 0 0]]
19
[[0 0 0 0 0 0 0 0 0]
 [0 0 0 0 0 0 0 0 0]
 [0 1 0 0 0 0 0 0 0]
 [0 0 0 0 0 0 0 0 0]
 [0 0 0 0 0 0 0 0 0]
 [0 0 0 0 0 0 0 0 0]
 [0 0 0 0 0 0 0 0 0]
 [0 0 0 0 0 0 0 0 0]
 [0 0 0 0 0 0 0 0 0]]
21
[[0 0 0 0 0 0 0 0 0]
 [0 0 0 0 0 0 0 0 0]
 [0 0 0 1 0 0 0 0 0]
 [0 0 0 0 0 0 0 0 0]
 [0 0 0 0 0 0 0 0 0]
 [0 0 0 0 0 0 0 0 0]
 [0 0 0 0 0 0 0 0 0]
 [0 0 0 0 0 0 0 0 0]
 [0 0 0 0 0 0 0 0 0]]
1
[[0 1 0 0 0 0 0 0 0]
 [0 0 0 0 0 0 0 0 0]
 [0 0 0 0 0 0 0 0 0]
 [0 0 0 0 0 0 0 0 0]
 [0 0 0 0 0 0 0 0 0]
 [0 0 0 0 0 0 0 0 0]
 [0 0 0 0 0 0 0 0 0]
 [0 0 0 0 0 0 0 0 0]
 [0 0 0 0 0 0 0 0 0]]
35
[[0 0 0 0 0 0 0 0 0]
 [0 0 0 0 0 0 0 0 0]
 [0 0 0 0 0 0 0 0 0]
 [0 0 0 0 0 0 0 0 1]
 [0 0 0 0 0 0 0 0 0]
 [0 0 0 0 0 0 0 0 0]
 [0 0 0 0 0 0 0 0 0]
 [0 0 0 0 0 0 0 0 0]
 [0 0 0 0 0 0 0 0 0]]
2
[[0 0 1 0 0 0 0 0 0]
 [0 0 0 0 0 0 0 0 0]
 [0 0 0 0 0 0 0 0 0]
 [0 0 0 0 0 0 0 0 0]
 [0 0 0 0 0 0 0 0 0]
 [0 0 0 0 0 0 0 0 0]
 [0 0 0 0 0 0 0 0 0]
 [0 0 0 0 0 0 0 0 0]
 [0 0 0 0 0 0 0 0 0]]
57
[[0 0 0 0 0 0 0 0 0]
 [0 0 0 0 0 0 0 0 0]
 [0 0 0 0 0 0 0 0 0]
 [0 0 0 0 0 0 0 0 0]
 [0 0 0 0 0 0 0 0 0]
 [0 0 0 0 0 0 0 0 0]
 [0 0 0 1 0 0 0 0 0]
 [0 0 0 0 0 0 0 0 0]
 [0 0 0 0 0 0 0 0 0]]
37
[[0 0 0 0 0 0 0 0 0]
 [0 0 0 0 0 0 0 0 0]
 [0 0 0 0 0 0 0 0 0]
 [0 0 0 0 0 0 0 0 0]
 [0 1 0 0 0 0 0 0 0]
 [0 0 0 0 0 0 0 0 0]
 [0 0 0 0 0 0 0 0 0]
 [0 0 0 0 0 0 0 0 0]
 [0 0 0 0 0 0 0 0 0]]
69
[[0 0 0 0 0 0 0 0 0]
 [0 0 0 0 0 0 0 0 0]
 [0 0 0 0 0 0 0 0 0]
 [0 0 0 0 0 0 0 0 0]
 [0 0 0 0 0 0 0 0 0]
 [0 0 0 0 0 0 0 0 0]
 [0 0 0 0 0 0 0 0 0]
 [0 0 0 0 0 0 1 0 0]
 [0 0 0 0 0 0 0 0 0]]
42
[[0 0 0 0 0 0 0 0 0]
 [0 0 0 0 0 0 0 0 0]
 [0 0 0 0 0 0 0 0 0]
 [0 0 0 0 0 0 0 0 0]
 [0 0 0 0 0 0 1 0 0]
 [0 0 0 0 0 0 0 0 0]
 [0 0 0 0 0 0 0 0 0]
 [0 0 0 0 0 0 0 0 0]
 [0 0 0 0 0 0 0 0 0]]
18
[[0 0 0 0 0 0 0 0 0]
 [0 0 0 0 0 0 0 0 0]
 [1 0 0 0 0 0 0 0 0]
 [0 0 0 0 0 0 0 0 0]
 [0 0 0 0 0 0 0 0 0]
 [0 0 0 0 0 0 0 0 0]
 [0 0 0 0 0 0 0 0 0]
 [0 0 0 0 0 0 0 0 0]
 [0 0 0 0 0 0 0 0 0]]
50
[[0 0 0 0 0 0 0 0 0]
 [0 0 0 0 0 0 0 0 0]
 [0 0 0 0 0 0 0 0 0]
 [0 0 0 0 0 0 0 0 0]
 [0 0 0 0 0 0 0 0 0]
 [0 0 0 0 0 1 0 0 0]
 [0 0 0 0 0 0 0 0 0]
 [0 0 0 0 0 0 0 0 0]
 [0 0 0 0 0 0 0 0 0]]
72
[[0 0 0 0 0 0 0 0 0]
 [0 0 0 0 0 0 0 0 0]
 [0 0 0 0 0 0 0 0 0]
 [0 0 0 0 0 0 0 0 0]
 [0 0 0 0 0 0 0 0 0]
 [0 0 0 0 0 0 0 0 0]
 [0 0 0 0 0 0 0 0 0]
 [0 0 0 0 0 0 0 0 0]
 [1 0 0 0 0 0 0 0 0]]
70
[[0 0 0 0 0 0 0 0 0]
 [0 0 0 0 0 0 0 0 0]
 [0 0 0 0 0 0 0 0 0]
 [0 0 0 0 0 0 0 0 0]
 [0 0 0 0 0 0 0 0 0]
 [0 0 0 0 0 0 0 0 0]
 [0 0 0 0 0 0 0 0 0]
 [0 0 0 0 0 0 0 1 0]
 [0 0 0 0 0 0 0 0 0]]
49
[[0 0 0 0 0 0 0 0 0]
 [0 0 0 0 0 0 0 0 0]
 [0 0 0 0 0 0 0 0 0]
 [0 0 0 0 0 0 0 0 0]
 [0 0 0 0 0 0 0 0 0]
 [0 0 0 0 1 0 0 0 0]
 [0 0 0 0 0 0 0 0 0]
 [0 0 0 0 0 0 0 0 0]
 [0 0 0 0 0 0 0 0 0]]
80
[[0 0 0 0 0 0 0 0 0]
 [0 0 0 0 0 0 0 0 0]
 [0 0 0 0 0 0 0 0 0]
 [0 0 0 0 0 0 0 0 0]
 [0 0 0 0 0 0 0 0 0]
 [0 0 0 0 0 0 0 0 0]
 [0 0 0 0 0 0 0 0 0]
 [0 0 0 0 0 0 0 0 0]
 [0 0 0 0 0 0 0 0 1]]
16
[[ 0  0  0  0  0  0  0  0  0]
 [ 0  0  0  0  0  0  0  1  0]
 [ 0  0  0  0  0  0  0  0  0]
 [ 0  0  0  0  0  0  0  0  0]
 [ 0  0  0  0  0  0  0  0  0]
 [ 0  0  0  0  0  0  0  0  0]
 [ 0  0  0  0  0  0  0  0  0]
 [ 0  0  0  0  0  0  0  0  0]
 [ 0  0  0  0  0  0  0  0 -1]]
43
[[ 0  0  0  0  0  0  0  0  0]
 [ 0  0  0  0  0  0  0 -1  0]
 [ 0  0  0  0  0  0  0  0  0]
 [ 0  0  0  0  0  0  0  0  0]
 [ 0  0  0  0  0  0  0  1  0]
 [ 0  0  0  0  0  0  0  0  0]
 [ 0  0  0  0  0  0  0  0  0]
 [ 0  0  0  0  0  0  0  0  0]
 [ 0  0  0  0  0  0  0  0  1]]
43
[[ 0  0  0  0  0  0  0  0  0]
 [ 0  0  0  0  0  0  0  0  0]
 [ 0  0  0  0  0  0  0  0  0]
 [ 0  0  0  0  0  0  0  0  0]
 [ 0  0  0  0  0  0  0  1  0]
 [ 0  0  0  0  0  0  0  0  0]
 [ 0  0  0  0  0  0  0  0  0]
 [ 0  0  0  0  0  0  0  0  0]
 [ 0  0  0  0  0  0  0  0 -1]]
43
[[ 0  0  0  0  0  0  0  0  0]
 [ 0  0  0  0  0  0  0  0  0]
 [ 0  0  0  0  0  0  0  0  0]
 [ 0  0  0  0  0  0  0  0  0]
 [ 0  0  0  0  0  0  0  1  0]
 [ 0  0  0  0  0  0  0  0  0]
 [ 0  0  0  0  0  0  0  0  0]
 [ 0  0  0  0  0  0  0  0  0]
 [ 0  0  0  0  0  0  0  0 -1]]
16
[[ 0  0  0  0  0  0  0  0  0]
 [ 0  0  0  0  0  0  0  1  0]
 [ 0  0  0  0  0  0  0  0  0]
 [ 0  0  0  0  0  0  0  0  0]
 [ 0  0  0  0  0  0  0 -1  0]
 [ 0  0  0  0  0  0  0  0  0]
 [ 0  0  0  0  0  0  0  0  0]
 [ 0  0  0  0  0  0  0  0  0]
 [ 0  0  0  0  0  0  0  0  1]]
17
[[ 0  0  0  0  0  0  0  0  0]
 [ 0  0  0  0  0  0  0  0  1]
 [ 0  0  0  0  0  0  0  0  0]
 [ 0  0  0  0  0  0  0  0  0]
 [ 0  0  0  0  0  0  0  0  0]
 [ 0  0  0  0  0  0  0  0  0]
 [ 0  0  0  0  0  0  0  0  0]
 [ 0  0  0  0  0  0  0  0  0]
 [ 0  0  0  0  0  0  0  0 -1]]
17
[[ 0  0  0  0  0  0  0  0  0]
 [ 0  0  0  0  0  0  0  0  1]
 [ 0  0  0  0  0  0  0  0  0]
 [ 0  0  0  0  0  0  0  0  0]
 [ 0  0  0  0  0  0  0  0  0]
 [ 0  0  0  0  0  0  0  0  0]
 [ 0  0  0  0  0  0  0  0  0]
 [ 0  0  0  0  0  0  0  0  0]
 [ 0  0  0  0  0  0  0  0 -1]]
16
[[ 0  0  0  0  0  0  0  0  0]
 [ 0  0  0  0  0  0  0  1 -1]
 [ 0  0  0  0  0  0  0  0  0]
 [ 0  0  0  0  0  0  0  0  0]
 [ 0  0  0  0  0  0  0  0  0]
 [ 0  0  0  0  0  0  0  0  0]
 [ 0  0  0  0  0  0  0  0  0]
 [ 0  0  0  0  0  0  0  0  0]
 [ 0  0  0  0  0  0  0  0  1]]
75
[[ 0  0  0  0  0  0  0  0  0]
 [ 0  0  0  0  0  0  0  0  0]
 [ 0  0  0  0  0  0  0  0  0]
 [ 0  0  0  0  0  0  0  0  0]
 [ 0  0  0  0  0  0  0  0  0]
 [ 0  0  0  0  0  0  0  0  0]
 [ 0  0  0  0  0  0  0  0  0]
 [ 0  0  0  0  0  0  0  0  0]
 [ 0  0  0  1  0  0  0  0 -1]]
12
[[ 0  0  0  0  0  0  0  0  0]
 [ 0  0  0  1  0  0  0  0  0]
 [ 0  0  0  0  0  0  0  0  0]
 [ 0  0  0  0  0  0  0  0  0]
 [ 0  0  0  0  0  0  0  0  0]
 [ 0  0  0  0  0  0  0  0  0]
 [ 0  0  0  0  0  0  0  0  0]
 [ 0  0  0  0  0  0  0  0  0]
 [ 0  0  0  0  0  0  0  0 -1]]
65
[[ 0  0  0  0  0  0  0  0  0]
 [ 0  0  0  0  0  0  0  0  0]
 [ 0  0  0  0  0  0  0  0  0]
 [ 0  0  0  0  0  0  0  0  0]
 [ 0  0  0  0  0  0  0  0  0]
 [ 0  0  0  0  0  0  0  0  0]
 [ 0  0  0  0  0  0  0  0  0]
 [ 0  0  1  0  0  0  0  0  0]
 [ 0  0  0  0  0  0  0  0 -1]]
19
[[ 0  0  0  0  0  0  0  0  0]
 [ 0  0  0  0  0  0  0  0  0]
 [ 0  1  0  0  0  0  0  0  0]
 [ 0  0  0  0  0  0  0  0  0]
 [ 0  0  0  0  0  0  0  0  0]
 [ 0  0  0  0  0  0  0  0  0]
 [ 0  0  0  0  0  0  0  0  0]
 [ 0  0  0  0  0  0  0  0  0]
 [ 0  0  0  0  0  0  0  0 -1]]
21
[[ 0  0  0  0  0  0  0  0  0]
 [ 0  0  0  0  0  0  0  0  0]
 [ 0  0  0  1  0  0  0  0  0]
 [ 0  0  0  0  0  0  0  0  0]
 [ 0  0  0  0  0  0  0  0  0]
 [ 0  0  0  0  0  0  0  0  0]
 [ 0  0  0  0  0  0  0  0  0]
 [ 0  0  0  0  0  0  0  0  0]
 [ 0  0  0  0  0  0  0  0 -1]]
1
[[ 0  1  0  0  0  0  0  0  0]
 [ 0  0  0  0  0  0  0  0  0]
 [ 0  0  0  0  0  0  0  0  0]
 [ 0  0  0  0  0  0  0  0  0]
 [ 0  0  0  0  0  0  0  0  0]
 [ 0  0  0  0  0  0  0  0  0]
 [ 0  0  0  0  0  0  0  0  0]
 [ 0  0  0  0  0  0  0  0  0]
 [ 0  0  0  0  0  0  0  0 -1]]
35
[[ 0  0  0  0  0  0  0  0  0]
 [ 0  0  0  0  0  0  0  0  0]
 [ 0  0  0  0  0  0  0  0  0]
 [ 0  0  0  0  0  0  0  0  1]
 [ 0  0  0  0  0  0  0  0  0]
 [ 0  0  0  0  0  0  0  0  0]
 [ 0  0  0  0  0  0  0  0  0]
 [ 0  0  0  0  0  0  0  0  0]
 [ 0  0  0  0  0  0  0  0 -1]]
2
[[ 0  0  1  0  0  0  0  0  0]
 [ 0  0  0  0  0  0  0  0  0]
 [ 0  0  0  0  0  0  0  0  0]
 [ 0  0  0  0  0  0  0  0  0]
 [ 0  0  0  0  0  0  0  0  0]
 [ 0  0  0  0  0  0  0  0  0]
 [ 0  0  0  0  0  0  0  0  0]
 [ 0  0  0  0  0  0  0  0  0]
 [ 0  0  0  0  0  0  0  0 -1]]
57
[[ 0  0  0  0  0  0  0  0  0]
 [ 0  0  0  0  0  0  0  0  0]
 [ 0  0  0  0  0  0  0  0  0]
 [ 0  0  0  0  0  0  0  0  0]
 [ 0  0  0  0  0  0  0  0  0]
 [ 0  0  0  0  0  0  0  0  0]
 [ 0  0  0  1  0  0  0  0  0]
 [ 0  0  0  0  0  0  0  0  0]
 [ 0  0  0  0  0  0  0  0 -1]]
37
[[ 0  0  0  0  0  0  0  0  0]
 [ 0  0  0  0  0  0  0  0  0]
 [ 0  0  0  0  0  0  0  0  0]
 [ 0  0  0  0  0  0  0  0  0]
 [ 0  1  0  0  0  0  0  0  0]
 [ 0  0  0  0  0  0  0  0  0]
 [ 0  0  0  0  0  0  0  0  0]
 [ 0  0  0  0  0  0  0  0  0]
 [ 0  0  0  0  0  0  0  0 -1]]
69
[[ 0  0  0  0  0  0  0  0  0]
 [ 0  0  0  0  0  0  0  0  0]
 [ 0  0  0  0  0  0  0  0  0]
 [ 0  0  0  0  0  0  0  0  0]
 [ 0  0  0  0  0  0  0  0  0]
 [ 0  0  0  0  0  0  0  0  0]
 [ 0  0  0  0  0  0  0  0  0]
 [ 0  0  0  0  0  0  1  0  0]
 [ 0  0  0  0  0  0  0  0 -1]]
42
[[ 0  0  0  0  0  0  0  0  0]
 [ 0  0  0  0  0  0  0  0  0]
 [ 0  0  0  0  0  0  0  0  0]
 [ 0  0  0  0  0  0  0  0  0]
 [ 0  0  0  0  0  0  1  0  0]
 [ 0  0  0  0  0  0  0  0  0]
 [ 0  0  0  0  0  0  0  0  0]
 [ 0  0  0  0  0  0  0  0  0]
 [ 0  0  0  0  0  0  0  0 -1]]
18
[[ 0  0  0  0  0  0  0  0  0]
 [ 0  0  0  0  0  0  0  0  0]
 [ 1  0  0  0  0  0  0  0  0]
 [ 0  0  0  0  0  0  0  0  0]
 [ 0  0  0  0  0  0  0  0  0]
 [ 0  0  0  0  0  0  0  0  0]
 [ 0  0  0  0  0  0  0  0  0]
 [ 0  0  0  0  0  0  0  0  0]
 [ 0  0  0  0  0  0  0  0 -1]]
50
[[ 0  0  0  0  0  0  0  0  0]
 [ 0  0  0  0  0  0  0  0  0]
 [ 0  0  0  0  0  0  0  0  0]
 [ 0  0  0  0  0  0  0  0  0]
 [ 0  0  0  0  0  0  0  0  0]
 [ 0  0  0  0  0  1  0  0  0]
 [ 0  0  0  0  0  0  0  0  0]
 [ 0  0  0  0  0  0  0  0  0]
 [ 0  0  0  0  0  0  0  0 -1]]
49
[[ 0  0  0  0  0  0  0  0  0]
 [ 0  0  0  0  0  0  0  0  0]
 [ 0  0  0  0  0  0  0  0  0]
 [ 0  0  0  0  0  0  0  0  0]
 [ 0  0  0  0  0  0  0  0  0]
 [ 0  0  0  0  1  0  0  0  0]
 [ 0  0  0  0  0  0  0  0  0]
 [ 0  0  0  0  0  0  0  0  0]
 [ 0  0  0  0  0  0  0  0 -1]]
72
[[ 0  0  0  0  0  0  0  0  0]
 [ 0  0  0  0  0  0  0  0  0]
 [ 0  0  0  0  0  0  0  0  0]
 [ 0  0  0  0  0  0  0  0  0]
 [ 0  0  0  0  0  0  0  0  0]
 [ 0  0  0  0  0  0  0  0  0]
 [ 0  0  0  0  0  0  0  0  0]
 [ 0  0  0  0  0  0  0  0  0]
 [ 1  0  0  0  0  0  0  0 -1]]
70
[[ 0  0  0  0  0  0  0  0  0]
 [ 0  0  0  0  0  0  0  0  0]
 [ 0  0  0  0  0  0  0  0  0]
 [ 0  0  0  0  0  0  0  0  0]
 [ 0  0  0  0  0  0  0  0  0]
 [ 0  0  0  0  0  0  0  0  0]
 [ 0  0  0  0  0  0  0  0  0]
 [ 0  0  0  0  0  0  0  1  0]
 [ 0  0  0  0  0  0  0  0 -1]]
33
[[ 0  0  0  0  0  0  0  0  0]
 [ 0  0  0  0  0  0  0  0  0]
 [ 0  0  0  0  0  0  0  0  0]
 [ 0  0  0  0  0  0  1  0  0]
 [ 0  0  0  0  0  0  0  0  0]
 [ 0  0  0  0  0  0  0  0  0]
 [ 0  0  0  0  0  0  0  0  0]
 [ 0  0  0  0  0  0  0  0  0]
 [ 0  0  0  0  0  0  0  0 -1]]
26
[[ 0  0  0  0  0  0  0  0  0]
 [ 0  0  0  0  0  0  0  0  0]
 [ 0  0  0  0  0  0  0  0  1]
 [ 0  0  0  0  0  0  0  0  0]
 [ 0  0  0  0  0  0  0  0  0]
 [ 0  0  0  0  0  0  0  0  0]
 [ 0  0  0  0  0  0  0  0  0]
 [ 0  0  0  0  0  0  0  0  0]
 [ 0  0  0  0  0  0  0  0 -1]]
4
[[ 0  0  0  0  1  0  0  0  0]
 [ 0  0  0  0  0  0  0  0  0]
 [ 0  0  0  0  0  0  0  0  0]
 [ 0  0  0  0  0  0  0  0  0]
 [ 0  0  0  0  0  0  0  0  0]
 [ 0  0  0  0  0  0  0  0  0]
 [ 0  0  0  0  0  0  0  0  0]
 [ 0  0  0  0  0  0  0  0  0]
 [ 0  0  0  0  0  0  0  0 -1]]
12
[[ 0  0  0  0  0  0  0  0  0]
 [ 0  0  0 -1  0  0  0  0  0]
 [ 0  0  0  0  0  0  0  0  0]
 [ 0  0  0  0  0  0  0  0  0]
 [ 0  0  0  0  0  0  0  0  0]
 [ 0  0  0  0  0  0  0  0  0]
 [ 0  0  0  0  0  0  0  0  0]
 [ 0  0  0  0  0  0  0  0  0]
 [ 0  0  0  0  0  0  0  0  1]]
16
[[ 0  0  0  0  0  0  0  0  0]
 [ 0  0  0 -1  0  0  0  1  0]
 [ 0  0  0  0  0  0  0  0  0]
 [ 0  0  0  0  0  0  0  0  0]
 [ 0  0  0  0  0  0  0  0  0]
 [ 0  0  0  0  0  0  0  0  0]
 [ 0  0  0  0  0  0  0  0  0]
 [ 0  0  0  0  0  0  0  0  0]
 [ 0  0  0  0  0  0  0  0  1]]
16
[[ 0  0  0  0  0  0  0  0  0]
 [ 0  0  0 -1  0  0  0  1  0]
 [ 0  0  0  0  0  0  0  0  0]
 [ 0  0  0  0  0  0  0  0  0]
 [ 0  0  0  0  0  0  0  0  0]
 [ 0  0  0  0  0  0  0  0  0]
 [ 0  0  0  0  0  0  0  0  0]
 [ 0  0  0  0  0  0  0  0  0]
 [ 0  0  0  0  0  0  0  0  1]]
43
[[ 0  0  0  0  0  0  0  0  0]
 [ 0  0  0  1  0  0  0 -1  0]
 [ 0  0  0  0  0  0  0  0  0]
 [ 0  0  0  0  0  0  0  0  0]
 [ 0  0  0  0  0  0  0  1  0]
 [ 0  0  0  0  0  0  0  0  0]
 [ 0  0  0  0  0  0  0  0  0]
 [ 0  0  0  0  0  0  0  0  0]
 [ 0  0  0  0  0  0  0  0 -1]]
43
[[ 0  0  0  0  0  0  0  0  0]
 [ 0  0  0 -1  0  0  0  0  0]
 [ 0  0  0  0  0  0  0  0  0]
 [ 0  0  0  0  0  0  0  0  0]
 [ 0  0  0  0  0  0  0  1  0]
 [ 0  0  0  0  0  0  0  0  0]
 [ 0  0  0  0  0  0  0  0  0]
 [ 0  0  0  0  0  0  0  0  0]
 [ 0  0  0  0  0  0  0  0  1]]
43
[[ 0  0  0  0  0  0  0  0  0]
 [ 0  0  0 -1  0  0  0  0  0]
 [ 0  0  0  0  0  0  0  0  0]
 [ 0  0  0  0  0  0  0  0  0]
 [ 0  0  0  0  0  0  0  1  0]
 [ 0  0  0  0  0  0  0  0  0]
 [ 0  0  0  0  0  0  0  0  0]
 [ 0  0  0  0  0  0  0  0  0]
 [ 0  0  0  0  0  0  0  0  1]]
16
[[ 0  0  0  0  0  0  0  0  0]
 [ 0  0  0  1  0  0  0  1  0]
 [ 0  0  0  0  0  0  0  0  0]
 [ 0  0  0  0  0  0  0  0  0]
 [ 0  0  0  0  0  0  0 -1  0]
 [ 0  0  0  0  0  0  0  0  0]
 [ 0  0  0  0  0  0  0  0  0]
 [ 0  0  0  0  0  0  0  0  0]
 [ 0  0  0  0  0  0  0  0 -1]]
17
[[ 0  0  0  0  0  0  0  0  0]
 [ 0  0  0 -1  0  0  0  0  1]
 [ 0  0  0  0  0  0  0  0  0]
 [ 0  0  0  0  0  0  0  0  0]
 [ 0  0  0  0  0  0  0  0  0]
 [ 0  0  0  0  0  0  0  0  0]
 [ 0  0  0  0  0  0  0  0  0]
 [ 0  0  0  0  0  0  0  0  0]
 [ 0  0  0  0  0  0  0  0  1]]
17
[[ 0  0  0  0  0  0  0  0  0]
 [ 0  0  0 -1  0  0  0  0  1]
 [ 0  0  0  0  0  0  0  0  0]
 [ 0  0  0  0  0  0  0  0  0]
 [ 0  0  0  0  0  0  0  0  0]
 [ 0  0  0  0  0  0  0  0  0]
 [ 0  0  0  0  0  0  0  0  0]
 [ 0  0  0  0  0  0  0  0  0]
 [ 0  0  0  0  0  0  0  0  1]]
16
[[ 0  0  0  0  0  0  0  0  0]
 [ 0  0  0  1  0  0  0  1 -1]
 [ 0  0  0  0  0  0  0  0  0]
 [ 0  0  0  0  0  0  0  0  0]
 [ 0  0  0  0  0  0  0  0  0]
 [ 0  0  0  0  0  0  0  0  0]
 [ 0  0  0  0  0  0  0  0  0]
 [ 0  0  0  0  0  0  0  0  0]
 [ 0  0  0  0  0  0  0  0 -1]]
75
[[ 0  0  0  0  0  0  0  0  0]
 [ 0  0  0 -1  0  0  0  0  0]
 [ 0  0  0  0  0  0  0  0  0]
 [ 0  0  0  0  0  0  0  0  0]
 [ 0  0  0  0  0  0  0  0  0]
 [ 0  0  0  0  0  0  0  0  0]
 [ 0  0  0  0  0  0  0  0  0]
 [ 0  0  0  0  0  0  0  0  0]
 [ 0  0  0  1  0  0  0  0  1]]
65
[[ 0  0  0  0  0  0  0  0  0]
 [ 0  0  0 -1  0  0  0  0  0]
 [ 0  0  0  0  0  0  0  0  0]
 [ 0  0  0  0  0  0  0  0  0]
 [ 0  0  0  0  0  0  0  0  0]
 [ 0  0  0  0  0  0  0  0  0]
 [ 0  0  0  0  0  0  0  0  0]
 [ 0  0  1  0  0  0  0  0  0]
 [ 0  0  0  0  0  0  0  0  1]]
19
[[ 0  0  0  0  0  0  0  0  0]
 [ 0  0  0 -1  0  0  0  0  0]
 [ 0  1  0  0  0  0  0  0  0]
 [ 0  0  0  0  0  0  0  0  0]
 [ 0  0  0  0  0  0  0  0  0]
 [ 0  0  0  0  0  0  0  0  0]
 [ 0  0  0  0  0  0  0  0  0]
 [ 0  0  0  0  0  0  0  0  0]
 [ 0  0  0  0  0  0  0  0  1]]
21
[[ 0  0  0  0  0  0  0  0  0]
 [ 0  0  0 -1  0  0  0  0  0]
 [ 0  0  0  1  0  0  0  0  0]
 [ 0  0  0  0  0  0  0  0  0]
 [ 0  0  0  0  0  0  0  0  0]
 [ 0  0  0  0  0  0  0  0  0]
 [ 0  0  0  0  0  0  0  0  0]
 [ 0  0  0  0  0  0  0  0  0]
 [ 0  0  0  0  0  0  0  0  1]]
1
[[ 0  1  0  0  0  0  0  0  0]
 [ 0  0  0 -1  0  0  0  0  0]
 [ 0  0  0  0  0  0  0  0  0]
 [ 0  0  0  0  0  0  0  0  0]
 [ 0  0  0  0  0  0  0  0  0]
 [ 0  0  0  0  0  0  0  0  0]
 [ 0  0  0  0  0  0  0  0  0]
 [ 0  0  0  0  0  0  0  0  0]
 [ 0  0  0  0  0  0  0  0  1]]
35
[[ 0  0  0  0  0  0  0  0  0]
 [ 0  0  0 -1  0  0  0  0  0]
 [ 0  0  0  0  0  0  0  0  0]
 [ 0  0  0  0  0  0  0  0  1]
 [ 0  0  0  0  0  0  0  0  0]
 [ 0  0  0  0  0  0  0  0  0]
 [ 0  0  0  0  0  0  0  0  0]
 [ 0  0  0  0  0  0  0  0  0]
 [ 0  0  0  0  0  0  0  0  1]]
2
[[ 0  0  1  0  0  0  0  0  0]
 [ 0  0  0 -1  0  0  0  0  0]
 [ 0  0  0  0  0  0  0  0  0]
 [ 0  0  0  0  0  0  0  0  0]
 [ 0  0  0  0  0  0  0  0  0]
 [ 0  0  0  0  0  0  0  0  0]
 [ 0  0  0  0  0  0  0  0  0]
 [ 0  0  0  0  0  0  0  0  0]
 [ 0  0  0  0  0  0  0  0  1]]
57
[[ 0  0  0  0  0  0  0  0  0]
 [ 0  0  0 -1  0  0  0  0  0]
 [ 0  0  0  0  0  0  0  0  0]
 [ 0  0  0  0  0  0  0  0  0]
 [ 0  0  0  0  0  0  0  0  0]
 [ 0  0  0  0  0  0  0  0  0]
 [ 0  0  0  1  0  0  0  0  0]
 [ 0  0  0  0  0  0  0  0  0]
 [ 0  0  0  0  0  0  0  0  1]]
37
[[ 0  0  0  0  0  0  0  0  0]
 [ 0  0  0 -1  0  0  0  0  0]
 [ 0  0  0  0  0  0  0  0  0]
 [ 0  0  0  0  0  0  0  0  0]
 [ 0  1  0  0  0  0  0  0  0]
 [ 0  0  0  0  0  0  0  0  0]
 [ 0  0  0  0  0  0  0  0  0]
 [ 0  0  0  0  0  0  0  0  0]
 [ 0  0  0  0  0  0  0  0  1]]
69
[[ 0  0  0  0  0  0  0  0  0]
 [ 0  0  0 -1  0  0  0  0  0]
 [ 0  0  0  0  0  0  0  0  0]
 [ 0  0  0  0  0  0  0  0  0]
 [ 0  0  0  0  0  0  0  0  0]
 [ 0  0  0  0  0  0  0  0  0]
 [ 0  0  0  0  0  0  0  0  0]
 [ 0  0  0  0  0  0  1  0  0]
 [ 0  0  0  0  0  0  0  0  1]]
42
[[ 0  0  0  0  0  0  0  0  0]
 [ 0  0  0 -1  0  0  0  0  0]
 [ 0  0  0  0  0  0  0  0  0]
 [ 0  0  0  0  0  0  0  0  0]
 [ 0  0  0  0  0  0  1  0  0]
 [ 0  0  0  0  0  0  0  0  0]
 [ 0  0  0  0  0  0  0  0  0]
 [ 0  0  0  0  0  0  0  0  0]
 [ 0  0  0  0  0  0  0  0  1]]
18
[[ 0  0  0  0  0  0  0  0  0]
 [ 0  0  0 -1  0  0  0  0  0]
 [ 1  0  0  0  0  0  0  0  0]
 [ 0  0  0  0  0  0  0  0  0]
 [ 0  0  0  0  0  0  0  0  0]
 [ 0  0  0  0  0  0  0  0  0]
 [ 0  0  0  0  0  0  0  0  0]
 [ 0  0  0  0  0  0  0  0  0]
 [ 0  0  0  0  0  0  0  0  1]]
50
[[ 0  0  0  0  0  0  0  0  0]
 [ 0  0  0 -1  0  0  0  0  0]
 [ 0  0  0  0  0  0  0  0  0]
 [ 0  0  0  0  0  0  0  0  0]
 [ 0  0  0  0  0  0  0  0  0]
 [ 0  0  0  0  0  1  0  0  0]
 [ 0  0  0  0  0  0  0  0  0]
 [ 0  0  0  0  0  0  0  0  0]
 [ 0  0  0  0  0  0  0  0  1]]
72
[[ 0  0  0  0  0  0  0  0  0]
 [ 0  0  0 -1  0  0  0  0  0]
 [ 0  0  0  0  0  0  0  0  0]
 [ 0  0  0  0  0  0  0  0  0]
 [ 0  0  0  0  0  0  0  0  0]
 [ 0  0  0  0  0  0  0  0  0]
 [ 0  0  0  0  0  0  0  0  0]
 [ 0  0  0  0  0  0  0  0  0]
 [ 1  0  0  0  0  0  0  0  1]]
49
[[ 0  0  0  0  0  0  0  0  0]
 [ 0  0  0 -1  0  0  0  0  0]
 [ 0  0  0  0  0  0  0  0  0]
 [ 0  0  0  0  0  0  0  0  0]
 [ 0  0  0  0  0  0  0  0  0]
 [ 0  0  0  0  1  0  0  0  0]
 [ 0  0  0  0  0  0  0  0  0]
 [ 0  0  0  0  0  0  0  0  0]
 [ 0  0  0  0  0  0  0  0  1]]
33
[[ 0  0  0  0  0  0  0  0  0]
 [ 0  0  0 -1  0  0  0  0  0]
 [ 0  0  0  0  0  0  0  0  0]
 [ 0  0  0  0  0  0  1  0  0]
 [ 0  0  0  0  0  0  0  0  0]
 [ 0  0  0  0  0  0  0  0  0]
 [ 0  0  0  0  0  0  0  0  0]
 [ 0  0  0  0  0  0  0  0  0]
 [ 0  0  0  0  0  0  0  0  1]]
70
[[ 0  0  0  0  0  0  0  0  0]
 [ 0  0  0 -1  0  0  0  0  0]
 [ 0  0  0  0  0  0  0  0  0]
 [ 0  0  0  0  0  0  0  0  0]
 [ 0  0  0  0  0  0  0  0  0]
 [ 0  0  0  0  0  0  0  0  0]
 [ 0  0  0  0  0  0  0  0  0]
 [ 0  0  0  0  0  0  0  1  0]
 [ 0  0  0  0  0  0  0  0  1]]
26
[[ 0  0  0  0  0  0  0  0  0]
 [ 0  0  0 -1  0  0  0  0  0]
 [ 0  0  0  0  0  0  0  0  1]
 [ 0  0  0  0  0  0  0  0  0]
 [ 0  0  0  0  0  0  0  0  0]
 [ 0  0  0  0  0  0  0  0  0]
 [ 0  0  0  0  0  0  0  0  0]
 [ 0  0  0  0  0  0  0  0  0]
 [ 0  0  0  0  0  0  0  0  1]]
4
[[ 0  0  0  0  1  0  0  0  0]
 [ 0  0  0 -1  0  0  0  0  0]
 [ 0  0  0  0  0  0  0  0  0]
 [ 0  0  0  0  0  0  0  0  0]
 [ 0  0  0  0  0  0  0  0  0]
 [ 0  0  0  0  0  0  0  0  0]
 [ 0  0  0  0  0  0  0  0  0]
 [ 0  0  0  0  0  0  0  0  0]
 [ 0  0  0  0  0  0  0  0  1]]
65
[[ 0  0  0  0  0  0  0  0  0]
 [ 0  0  0 -1  0  0  0  0  0]
 [ 0  0  0  0  0  0  0  0  0]
 [ 0  0  0  0  0  0  0  0  0]
 [ 0  0  0  0  0  0  0  0  0]
 [ 0  0  0  0  0  0  0  0  0]
 [ 0  0  0  0  0  0  0  0  0]
 [ 0  0  1  0  0  0  0  0  0]
 [ 0  0  0  0  0  0  0  0  1]]
16
[[ 0  0  0  0  0  0  0  0  0]
 [ 0  0  0  1  0  0  0  1  0]
 [ 0  0  0  0  0  0  0  0  0]
 [ 0  0  0  0  0  0  0  0  0]
 [ 0  0  0  0  0  0  0  0  0]
 [ 0  0  0  0  0  0  0  0  0]
 [ 0  0  0  0  0  0  0  0  0]
 [ 0  0 -1  0  0  0  0  0  0]
 [ 0  0  0  0  0  0  0  0 -1]]
16
[[ 0  0  0  0  0  0  0  0  0]
 [ 0  0  0  1  0  0  0  1  0]
 [ 0  0  0  0  0  0  0  0  0]
 [ 0  0  0  0  0  0  0  0  0]
 [ 0  0  0  0  0  0  0  0  0]
 [ 0  0  0  0  0  0  0  0  0]
 [ 0  0  0  0  0  0  0  0  0]
 [ 0  0 -1  0  0  0  0  0  0]
 [ 0  0  0  0  0  0  0  0 -1]]
43
[[ 0  0  0  0  0  0  0  0  0]
 [ 0  0  0 -1  0  0  0 -1  0]
 [ 0  0  0  0  0  0  0  0  0]
 [ 0  0  0  0  0  0  0  0  0]
 [ 0  0  0  0  0  0  0  1  0]
 [ 0  0  0  0  0  0  0  0  0]
 [ 0  0  0  0  0  0  0  0  0]
 [ 0  0  1  0  0  0  0  0  0]
 [ 0  0  0  0  0  0  0  0  1]]
43
[[ 0  0  0  0  0  0  0  0  0]
 [ 0  0  0  1  0  0  0  0  0]
 [ 0  0  0  0  0  0  0  0  0]
 [ 0  0  0  0  0  0  0  0  0]
 [ 0  0  0  0  0  0  0  1  0]
 [ 0  0  0  0  0  0  0  0  0]
 [ 0  0  0  0  0  0  0  0  0]
 [ 0  0 -1  0  0  0  0  0  0]
 [ 0  0  0  0  0  0  0  0 -1]]
43
[[ 0  0  0  0  0  0  0  0  0]
 [ 0  0  0  1  0  0  0  0  0]
 [ 0  0  0  0  0  0  0  0  0]
 [ 0  0  0  0  0  0  0  0  0]
 [ 0  0  0  0  0  0  0  1  0]
 [ 0  0  0  0  0  0  0  0  0]
 [ 0  0  0  0  0  0  0  0  0]
 [ 0  0 -1  0  0  0  0  0  0]
 [ 0  0  0  0  0  0  0  0 -1]]
16
[[ 0  0  0  0  0  0  0  0  0]
 [ 0  0  0 -1  0  0  0  1  0]
 [ 0  0  0  0  0  0  0  0  0]
 [ 0  0  0  0  0  0  0  0  0]
 [ 0  0  0  0  0  0  0 -1  0]
 [ 0  0  0  0  0  0  0  0  0]
 [ 0  0  0  0  0  0  0  0  0]
 [ 0  0  1  0  0  0  0  0  0]
 [ 0  0  0  0  0  0  0  0  1]]
17
[[ 0  0  0  0  0  0  0  0  0]
 [ 0  0  0  1  0  0  0  0  1]
 [ 0  0  0  0  0  0  0  0  0]
 [ 0  0  0  0  0  0  0  0  0]
 [ 0  0  0  0  0  0  0  0  0]
 [ 0  0  0  0  0  0  0  0  0]
 [ 0  0  0  0  0  0  0  0  0]
 [ 0  0 -1  0  0  0  0  0  0]
 [ 0  0  0  0  0  0  0  0 -1]]
17
[[ 0  0  0  0  0  0  0  0  0]
 [ 0  0  0  1  0  0  0  0  1]
 [ 0  0  0  0  0  0  0  0  0]
 [ 0  0  0  0  0  0  0  0  0]
 [ 0  0  0  0  0  0  0  0  0]
 [ 0  0  0  0  0  0  0  0  0]
 [ 0  0  0  0  0  0  0  0  0]
 [ 0  0 -1  0  0  0  0  0  0]
 [ 0  0  0  0  0  0  0  0 -1]]
16
[[ 0  0  0  0  0  0  0  0  0]
 [ 0  0  0 -1  0  0  0  1 -1]
 [ 0  0  0  0  0  0  0  0  0]
 [ 0  0  0  0  0  0  0  0  0]
 [ 0  0  0  0  0  0  0  0  0]
 [ 0  0  0  0  0  0  0  0  0]
 [ 0  0  0  0  0  0  0  0  0]
 [ 0  0  1  0  0  0  0  0  0]
 [ 0  0  0  0  0  0  0  0  1]]
75
[[ 0  0  0  0  0  0  0  0  0]
 [ 0  0  0  1  0  0  0  0  0]
 [ 0  0  0  0  0  0  0  0  0]
 [ 0  0  0  0  0  0  0  0  0]
 [ 0  0  0  0  0  0  0  0  0]
 [ 0  0  0  0  0  0  0  0  0]
 [ 0  0  0  0  0  0  0  0  0]
 [ 0  0 -1  0  0  0  0  0  0]
 [ 0  0  0  1  0  0  0  0 -1]]
19
[[ 0  0  0  0  0  0  0  0  0]
 [ 0  0  0  1  0  0  0  0  0]
 [ 0  1  0  0  0  0  0  0  0]
 [ 0  0  0  0  0  0  0  0  0]
 [ 0  0  0  0  0  0  0  0  0]
 [ 0  0  0  0  0  0  0  0  0]
 [ 0  0  0  0  0  0  0  0  0]
 [ 0  0 -1  0  0  0  0  0  0]
 [ 0  0  0  0  0  0  0  0 -1]]
21
[[ 0  0  0  0  0  0  0  0  0]
 [ 0  0  0  1  0  0  0  0  0]
 [ 0  0  0  1  0  0  0  0  0]
 [ 0  0  0  0  0  0  0  0  0]
 [ 0  0  0  0  0  0  0  0  0]
 [ 0  0  0  0  0  0  0  0  0]
 [ 0  0  0  0  0  0  0  0  0]
 [ 0  0 -1  0  0  0  0  0  0]
 [ 0  0  0  0  0  0  0  0 -1]]
1
[[ 0  1  0  0  0  0  0  0  0]
 [ 0  0  0  1  0  0  0  0  0]
 [ 0  0  0  0  0  0  0  0  0]
 [ 0  0  0  0  0  0  0  0  0]
 [ 0  0  0  0  0  0  0  0  0]
 [ 0  0  0  0  0  0  0  0  0]
 [ 0  0  0  0  0  0  0  0  0]
 [ 0  0 -1  0  0  0  0  0  0]
 [ 0  0  0  0  0  0  0  0 -1]]
35
[[ 0  0  0  0  0  0  0  0  0]
 [ 0  0  0  1  0  0  0  0  0]
 [ 0  0  0  0  0  0  0  0  0]
 [ 0  0  0  0  0  0  0  0  1]
 [ 0  0  0  0  0  0  0  0  0]
 [ 0  0  0  0  0  0  0  0  0]
 [ 0  0  0  0  0  0  0  0  0]
 [ 0  0 -1  0  0  0  0  0  0]
 [ 0  0  0  0  0  0  0  0 -1]]
2
[[ 0  0  1  0  0  0  0  0  0]
 [ 0  0  0  1  0  0  0  0  0]
 [ 0  0  0  0  0  0  0  0  0]
 [ 0  0  0  0  0  0  0  0  0]
 [ 0  0  0  0  0  0  0  0  0]
 [ 0  0  0  0  0  0  0  0  0]
 [ 0  0  0  0  0  0  0  0  0]
 [ 0  0 -1  0  0  0  0  0  0]
 [ 0  0  0  0  0  0  0  0 -1]]
57
[[ 0  0  0  0  0  0  0  0  0]
 [ 0  0  0  1  0  0  0  0  0]
 [ 0  0  0  0  0  0  0  0  0]
 [ 0  0  0  0  0  0  0  0  0]
 [ 0  0  0  0  0  0  0  0  0]
 [ 0  0  0  0  0  0  0  0  0]
 [ 0  0  0  1  0  0  0  0  0]
 [ 0  0 -1  0  0  0  0  0  0]
 [ 0  0  0  0  0  0  0  0 -1]]
37
[[ 0  0  0  0  0  0  0  0  0]
 [ 0  0  0  1  0  0  0  0  0]
 [ 0  0  0  0  0  0  0  0  0]
 [ 0  0  0  0  0  0  0  0  0]
 [ 0  1  0  0  0  0  0  0  0]
 [ 0  0  0  0  0  0  0  0  0]
 [ 0  0  0  0  0  0  0  0  0]
 [ 0  0 -1  0  0  0  0  0  0]
 [ 0  0  0  0  0  0  0  0 -1]]
69
[[ 0  0  0  0  0  0  0  0  0]
 [ 0  0  0  1  0  0  0  0  0]
 [ 0  0  0  0  0  0  0  0  0]
 [ 0  0  0  0  0  0  0  0  0]
 [ 0  0  0  0  0  0  0  0  0]
 [ 0  0  0  0  0  0  0  0  0]
 [ 0  0  0  0  0  0  0  0  0]
 [ 0  0 -1  0  0  0  1  0  0]
 [ 0  0  0  0  0  0  0  0 -1]]
42
[[ 0  0  0  0  0  0  0  0  0]
 [ 0  0  0  1  0  0  0  0  0]
 [ 0  0  0  0  0  0  0  0  0]
 [ 0  0  0  0  0  0  0  0  0]
 [ 0  0  0  0  0  0  1  0  0]
 [ 0  0  0  0  0  0  0  0  0]
 [ 0  0  0  0  0  0  0  0  0]
 [ 0  0 -1  0  0  0  0  0  0]
 [ 0  0  0  0  0  0  0  0 -1]]
50
[[ 0  0  0  0  0  0  0  0  0]
 [ 0  0  0  1  0  0  0  0  0]
 [ 0  0  0  0  0  0  0  0  0]
 [ 0  0  0  0  0  0  0  0  0]
 [ 0  0  0  0  0  0  0  0  0]
 [ 0  0  0  0  0  1  0  0  0]
 [ 0  0  0  0  0  0  0  0  0]
 [ 0  0 -1  0  0  0  0  0  0]
 [ 0  0  0  0  0  0  0  0 -1]]
18
[[ 0  0  0  0  0  0  0  0  0]
 [ 0  0  0  1  0  0  0  0  0]
 [ 1  0  0  0  0  0  0  0  0]
 [ 0  0  0  0  0  0  0  0  0]
 [ 0  0  0  0  0  0  0  0  0]
 [ 0  0  0  0  0  0  0  0  0]
 [ 0  0  0  0  0  0  0  0  0]
 [ 0  0 -1  0  0  0  0  0  0]
 [ 0  0  0  0  0  0  0  0 -1]]
70
[[ 0  0  0  0  0  0  0  0  0]
 [ 0  0  0  1  0  0  0  0  0]
 [ 0  0  0  0  0  0  0  0  0]
 [ 0  0  0  0  0  0  0  0  0]
 [ 0  0  0  0  0  0  0  0  0]
 [ 0  0  0  0  0  0  0  0  0]
 [ 0  0  0  0  0  0  0  0  0]
 [ 0  0 -1  0  0  0  0  1  0]
 [ 0  0  0  0  0  0  0  0 -1]]
49
[[ 0  0  0  0  0  0  0  0  0]
 [ 0  0  0  1  0  0  0  0  0]
 [ 0  0  0  0  0  0  0  0  0]
 [ 0  0  0  0  0  0  0  0  0]
 [ 0  0  0  0  0  0  0  0  0]
 [ 0  0  0  0  1  0  0  0  0]
 [ 0  0  0  0  0  0  0  0  0]
 [ 0  0 -1  0  0  0  0  0  0]
 [ 0  0  0  0  0  0  0  0 -1]]
72
[[ 0  0  0  0  0  0  0  0  0]
 [ 0  0  0  1  0  0  0  0  0]
 [ 0  0  0  0  0  0  0  0  0]
 [ 0  0  0  0  0  0  0  0  0]
 [ 0  0  0  0  0  0  0  0  0]
 [ 0  0  0  0  0  0  0  0  0]
 [ 0  0  0  0  0  0  0  0  0]
 [ 0  0 -1  0  0  0  0  0  0]
 [ 1  0  0  0  0  0  0  0 -1]]
33
[[ 0  0  0  0  0  0  0  0  0]
 [ 0  0  0  1  0  0  0  0  0]
 [ 0  0  0  0  0  0  0  0  0]
 [ 0  0  0  0  0  0  1  0  0]
 [ 0  0  0  0  0  0  0  0  0]
 [ 0  0  0  0  0  0  0  0  0]
 [ 0  0  0  0  0  0  0  0  0]
 [ 0  0 -1  0  0  0  0  0  0]
 [ 0  0  0  0  0  0  0  0 -1]]
26
[[ 0  0  0  0  0  0  0  0  0]
 [ 0  0  0  1  0  0  0  0  0]
 [ 0  0  0  0  0  0  0  0  1]
 [ 0  0  0  0  0  0  0  0  0]
 [ 0  0  0  0  0  0  0  0  0]
 [ 0  0  0  0  0  0  0  0  0]
 [ 0  0  0  0  0  0  0  0  0]
 [ 0  0 -1  0  0  0  0  0  0]
 [ 0  0  0  0  0  0  0  0 -1]]
4
[[ 0  0  0  0  1  0  0  0  0]
 [ 0  0  0  1  0  0  0  0  0]
 [ 0  0  0  0  0  0  0  0  0]
 [ 0  0  0  0  0  0  0  0  0]
 [ 0  0  0  0  0  0  0  0  0]
 [ 0  0  0  0  0  0  0  0  0]
 [ 0  0  0  0  0  0  0  0  0]
 [ 0  0 -1  0  0  0  0  0  0]
 [ 0  0  0  0  0  0  0  0 -1]]
59
[[ 0  0  0  0  0  0  0  0  0]
 [ 0  0  0  1  0  0  0  0  0]
 [ 0  0  0  0  0  0  0  0  0]
 [ 0  0  0  0  0  0  0  0  0]
 [ 0  0  0  0  0  0  0  0  0]
 [ 0  0  0  0  0  0  0  0  0]
 [ 0  0  0  0  0  1  0  0  0]
 [ 0  0 -1  0  0  0  0  0  0]
 [ 0  0  0  0  0  0  0  0 -1]]
4
[[ 0  0  0  0 -1  0  0  0  0]
 [ 0  0  0 -1  0  0  0  0  0]
 [ 0  0  0  0  0  0  0  0  0]
 [ 0  0  0  0  0  0  0  0  0]
 [ 0  0  0  0  0  0  0  0  0]
 [ 0  0  0  0  0  0  0  0  0]
 [ 0  0  0  0  0  0  0  0  0]
 [ 0  0  1  0  0  0  0  0  0]
 [ 0  0  0  0  0  0  0  0  1]]
16
[[ 0  0  0  0 -1  0  0  0  0]
 [ 0  0  0 -1  0  0  0  1  0]
 [ 0  0  0  0  0  0  0  0  0]
 [ 0  0  0  0  0  0  0  0  0]
 [ 0  0  0  0  0  0  0  0  0]
 [ 0  0  0  0  0  0  0  0  0]
 [ 0  0  0  0  0  0  0  0  0]
 [ 0  0  1  0  0  0  0  0  0]
 [ 0  0  0  0  0  0  0  0  1]]
16
[[ 0  0  0  0 -1  0  0  0  0]
 [ 0  0  0 -1  0  0  0  1  0]
 [ 0  0  0  0  0  0  0  0  0]
 [ 0  0  0  0  0  0  0  0  0]
 [ 0  0  0  0  0  0  0  0  0]
 [ 0  0  0  0  0  0  0  0  0]
 [ 0  0  0  0  0  0  0  0  0]
 [ 0  0  1  0  0  0  0  0  0]
 [ 0  0  0  0  0  0  0  0  1]]
43
[[ 0  0  0  0  1  0  0  0  0]
 [ 0  0  0  1  0  0  0 -1  0]
 [ 0  0  0  0  0  0  0  0  0]
 [ 0  0  0  0  0  0  0  0  0]
 [ 0  0  0  0  0  0  0  1  0]
 [ 0  0  0  0  0  0  0  0  0]
 [ 0  0  0  0  0  0  0  0  0]
 [ 0  0 -1  0  0  0  0  0  0]
 [ 0  0  0  0  0  0  0  0 -1]]
43
[[ 0  0  0  0 -1  0  0  0  0]
 [ 0  0  0 -1  0  0  0  0  0]
 [ 0  0  0  0  0  0  0  0  0]
 [ 0  0  0  0  0  0  0  0  0]
 [ 0  0  0  0  0  0  0  1  0]
 [ 0  0  0  0  0  0  0  0  0]
 [ 0  0  0  0  0  0  0  0  0]
 [ 0  0  1  0  0  0  0  0  0]
 [ 0  0  0  0  0  0  0  0  1]]
43
[[ 0  0  0  0 -1  0  0  0  0]
 [ 0  0  0 -1  0  0  0  0  0]
 [ 0  0  0  0  0  0  0  0  0]
 [ 0  0  0  0  0  0  0  0  0]
 [ 0  0  0  0  0  0  0  1  0]
 [ 0  0  0  0  0  0  0  0  0]
 [ 0  0  0  0  0  0  0  0  0]
 [ 0  0  1  0  0  0  0  0  0]
 [ 0  0  0  0  0  0  0  0  1]]
16
[[ 0  0  0  0  1  0  0  0  0]
 [ 0  0  0  1  0  0  0  1  0]
 [ 0  0  0  0  0  0  0  0  0]
 [ 0  0  0  0  0  0  0  0  0]
 [ 0  0  0  0  0  0  0 -1  0]
 [ 0  0  0  0  0  0  0  0  0]
 [ 0  0  0  0  0  0  0  0  0]
 [ 0  0 -1  0  0  0  0  0  0]
 [ 0  0  0  0  0  0  0  0 -1]]
17
[[ 0  0  0  0 -1  0  0  0  0]
 [ 0  0  0 -1  0  0  0  0  1]
 [ 0  0  0  0  0  0  0  0  0]
 [ 0  0  0  0  0  0  0  0  0]
 [ 0  0  0  0  0  0  0  0  0]
 [ 0  0  0  0  0  0  0  0  0]
 [ 0  0  0  0  0  0  0  0  0]
 [ 0  0  1  0  0  0  0  0  0]
 [ 0  0  0  0  0  0  0  0  1]]
17
[[ 0  0  0  0 -1  0  0  0  0]
 [ 0  0  0 -1  0  0  0  0  1]
 [ 0  0  0  0  0  0  0  0  0]
 [ 0  0  0  0  0  0  0  0  0]
 [ 0  0  0  0  0  0  0  0  0]
 [ 0  0  0  0  0  0  0  0  0]
 [ 0  0  0  0  0  0  0  0  0]
 [ 0  0  1  0  0  0  0  0  0]
 [ 0  0  0  0  0  0  0  0  1]]
16
[[ 0  0  0  0  1  0  0  0  0]
 [ 0  0  0  1  0  0  0  1 -1]
 [ 0  0  0  0  0  0  0  0  0]
 [ 0  0  0  0  0  0  0  0  0]
 [ 0  0  0  0  0  0  0  0  0]
 [ 0  0  0  0  0  0  0  0  0]
 [ 0  0  0  0  0  0  0  0  0]
 [ 0  0 -1  0  0  0  0  0  0]
 [ 0  0  0  0  0  0  0  0 -1]]
75
[[ 0  0  0  0 -1  0  0  0  0]
 [ 0  0  0 -1  0  0  0  0  0]
 [ 0  0  0  0  0  0  0  0  0]
 [ 0  0  0  0  0  0  0  0  0]
 [ 0  0  0  0  0  0  0  0  0]
 [ 0  0  0  0  0  0  0  0  0]
 [ 0  0  0  0  0  0  0  0  0]
 [ 0  0  1  0  0  0  0  0  0]
 [ 0  0  0  1  0  0  0  0  1]]
19
[[ 0  0  0  0 -1  0  0  0  0]
 [ 0  0  0 -1  0  0  0  0  0]
 [ 0  1  0  0  0  0  0  0  0]
 [ 0  0  0  0  0  0  0  0  0]
 [ 0  0  0  0  0  0  0  0  0]
 [ 0  0  0  0  0  0  0  0  0]
 [ 0  0  0  0  0  0  0  0  0]
 [ 0  0  1  0  0  0  0  0  0]
 [ 0  0  0  0  0  0  0  0  1]]
21
[[ 0  0  0  0 -1  0  0  0  0]
 [ 0  0  0 -1  0  0  0  0  0]
 [ 0  0  0  1  0  0  0  0  0]
 [ 0  0  0  0  0  0  0  0  0]
 [ 0  0  0  0  0  0  0  0  0]
 [ 0  0  0  0  0  0  0  0  0]
 [ 0  0  0  0  0  0  0  0  0]
 [ 0  0  1  0  0  0  0  0  0]
 [ 0  0  0  0  0  0  0  0  1]]
1
[[ 0  1  0  0 -1  0  0  0  0]
 [ 0  0  0 -1  0  0  0  0  0]
 [ 0  0  0  0  0  0  0  0  0]
 [ 0  0  0  0  0  0  0  0  0]
 [ 0  0  0  0  0  0  0  0  0]
 [ 0  0  0  0  0  0  0  0  0]
 [ 0  0  0  0  0  0  0  0  0]
 [ 0  0  1  0  0  0  0  0  0]
 [ 0  0  0  0  0  0  0  0  1]]
35
[[ 0  0  0  0 -1  0  0  0  0]
 [ 0  0  0 -1  0  0  0  0  0]
 [ 0  0  0  0  0  0  0  0  0]
 [ 0  0  0  0  0  0  0  0  1]
 [ 0  0  0  0  0  0  0  0  0]
 [ 0  0  0  0  0  0  0  0  0]
 [ 0  0  0  0  0  0  0  0  0]
 [ 0  0  1  0  0  0  0  0  0]
 [ 0  0  0  0  0  0  0  0  1]]
2
[[ 0  0  1  0 -1  0  0  0  0]
 [ 0  0  0 -1  0  0  0  0  0]
 [ 0  0  0  0  0  0  0  0  0]
 [ 0  0  0  0  0  0  0  0  0]
 [ 0  0  0  0  0  0  0  0  0]
 [ 0  0  0  0  0  0  0  0  0]
 [ 0  0  0  0  0  0  0  0  0]
 [ 0  0  1  0  0  0  0  0  0]
 [ 0  0  0  0  0  0  0  0  1]]
57
[[ 0  0  0  0 -1  0  0  0  0]
 [ 0  0  0 -1  0  0  0  0  0]
 [ 0  0  0  0  0  0  0  0  0]
 [ 0  0  0  0  0  0  0  0  0]
 [ 0  0  0  0  0  0  0  0  0]
 [ 0  0  0  0  0  0  0  0  0]
 [ 0  0  0  1  0  0  0  0  0]
 [ 0  0  1  0  0  0  0  0  0]
 [ 0  0  0  0  0  0  0  0  1]]
37
[[ 0  0  0  0 -1  0  0  0  0]
 [ 0  0  0 -1  0  0  0  0  0]
 [ 0  0  0  0  0  0  0  0  0]
 [ 0  0  0  0  0  0  0  0  0]
 [ 0  1  0  0  0  0  0  0  0]
 [ 0  0  0  0  0  0  0  0  0]
 [ 0  0  0  0  0  0  0  0  0]
 [ 0  0  1  0  0  0  0  0  0]
 [ 0  0  0  0  0  0  0  0  1]]
69
[[ 0  0  0  0 -1  0  0  0  0]
 [ 0  0  0 -1  0  0  0  0  0]
 [ 0  0  0  0  0  0  0  0  0]
 [ 0  0  0  0  0  0  0  0  0]
 [ 0  0  0  0  0  0  0  0  0]
 [ 0  0  0  0  0  0  0  0  0]
 [ 0  0  0  0  0  0  0  0  0]
 [ 0  0  1  0  0  0  1  0  0]
 [ 0  0  0  0  0  0  0  0  1]]
42
[[ 0  0  0  0 -1  0  0  0  0]
 [ 0  0  0 -1  0  0  0  0  0]
 [ 0  0  0  0  0  0  0  0  0]
 [ 0  0  0  0  0  0  0  0  0]
 [ 0  0  0  0  0  0  1  0  0]
 [ 0  0  0  0  0  0  0  0  0]
 [ 0  0  0  0  0  0  0  0  0]
 [ 0  0  1  0  0  0  0  0  0]
 [ 0  0  0  0  0  0  0  0  1]]
18
[[ 0  0  0  0 -1  0  0  0  0]
 [ 0  0  0 -1  0  0  0  0  0]
 [ 1  0  0  0  0  0  0  0  0]
 [ 0  0  0  0  0  0  0  0  0]
 [ 0  0  0  0  0  0  0  0  0]
 [ 0  0  0  0  0  0  0  0  0]
 [ 0  0  0  0  0  0  0  0  0]
 [ 0  0  1  0  0  0  0  0  0]
 [ 0  0  0  0  0  0  0  0  1]]
50
[[ 0  0  0  0 -1  0  0  0  0]
 [ 0  0  0 -1  0  0  0  0  0]
 [ 0  0  0  0  0  0  0  0  0]
 [ 0  0  0  0  0  0  0  0  0]
 [ 0  0  0  0  0  0  0  0  0]
 [ 0  0  0  0  0  1  0  0  0]
 [ 0  0  0  0  0  0  0  0  0]
 [ 0  0  1  0  0  0  0  0  0]
 [ 0  0  0  0  0  0  0  0  1]]
72
[[ 0  0  0  0 -1  0  0  0  0]
 [ 0  0  0 -1  0  0  0  0  0]
 [ 0  0  0  0  0  0  0  0  0]
 [ 0  0  0  0  0  0  0  0  0]
 [ 0  0  0  0  0  0  0  0  0]
 [ 0  0  0  0  0  0  0  0  0]
 [ 0  0  0  0  0  0  0  0  0]
 [ 0  0  1  0  0  0  0  0  0]
 [ 1  0  0  0  0  0  0  0  1]]
49
[[ 0  0  0  0 -1  0  0  0  0]
 [ 0  0  0 -1  0  0  0  0  0]
 [ 0  0  0  0  0  0  0  0  0]
 [ 0  0  0  0  0  0  0  0  0]
 [ 0  0  0  0  0  0  0  0  0]
 [ 0  0  0  0  1  0  0  0  0]
 [ 0  0  0  0  0  0  0  0  0]
 [ 0  0  1  0  0  0  0  0  0]
 [ 0  0  0  0  0  0  0  0  1]]
33
[[ 0  0  0  0 -1  0  0  0  0]
 [ 0  0  0 -1  0  0  0  0  0]
 [ 0  0  0  0  0  0  0  0  0]
 [ 0  0  0  0  0  0  1  0  0]
 [ 0  0  0  0  0  0  0  0  0]
 [ 0  0  0  0  0  0  0  0  0]
 [ 0  0  0  0  0  0  0  0  0]
 [ 0  0  1  0  0  0  0  0  0]
 [ 0  0  0  0  0  0  0  0  1]]
26
[[ 0  0  0  0 -1  0  0  0  0]
 [ 0  0  0 -1  0  0  0  0  0]
 [ 0  0  0  0  0  0  0  0  1]
 [ 0  0  0  0  0  0  0  0  0]
 [ 0  0  0  0  0  0  0  0  0]
 [ 0  0  0  0  0  0  0  0  0]
 [ 0  0  0  0  0  0  0  0  0]
 [ 0  0  1  0  0  0  0  0  0]
 [ 0  0  0  0  0  0  0  0  1]]
70
[[ 0  0  0  0 -1  0  0  0  0]
 [ 0  0  0 -1  0  0  0  0  0]
 [ 0  0  0  0  0  0  0  0  0]
 [ 0  0  0  0  0  0  0  0  0]
 [ 0  0  0  0  0  0  0  0  0]
 [ 0  0  0  0  0  0  0  0  0]
 [ 0  0  0  0  0  0  0  0  0]
 [ 0  0  1  0  0  0  0  1  0]
 [ 0  0  0  0  0  0  0  0  1]]
59
[[ 0  0  0  0 -1  0  0  0  0]
 [ 0  0  0 -1  0  0  0  0  0]
 [ 0  0  0  0  0  0  0  0  0]
 [ 0  0  0  0  0  0  0  0  0]
 [ 0  0  0  0  0  0  0  0  0]
 [ 0  0  0  0  0  0  0  0  0]
 [ 0  0  0  0  0  1  0  0  0]
 [ 0  0  1  0  0  0  0  0  0]
 [ 0  0  0  0  0  0  0  0  1]]
6
[[ 0  0  0  0 -1  0  1  0  0]
 [ 0  0  0 -1  0  0  0  0  0]
 [ 0  0  0  0  0  0  0  0  0]
 [ 0  0  0  0  0  0  0  0  0]
 [ 0  0  0  0  0  0  0  0  0]
 [ 0  0  0  0  0  0  0  0  0]
 [ 0  0  0  0  0  0  0  0  0]
 [ 0  0  1  0  0  0  0  0  0]
 [ 0  0  0  0  0  0  0  0  1]]
17
[[ 0  0  0  0 -1  0  0  0  0]
 [ 0  0  0 -1  0  0  0  0  1]
 [ 0  0  0  0  0  0  0  0  0]
 [ 0  0  0  0  0  0  0  0  0]
 [ 0  0  0  0  0  0  0  0  0]
 [ 0  0  0  0  0  0  0  0  0]
 [ 0  0  0  0  0  0  0  0  0]
 [ 0  0  1  0  0  0  0  0  0]
 [ 0  0  0  0  0  0  0  0  1]]
16
[[ 0  0  0  0  1  0  0  0  0]
 [ 0  0  0  1  0  0  0  1 -1]
 [ 0  0  0  0  0  0  0  0  0]
 [ 0  0  0  0  0  0  0  0  0]
 [ 0  0  0  0  0  0  0  0  0]
 [ 0  0  0  0  0  0  0  0  0]
 [ 0  0  0  0  0  0  0  0  0]
 [ 0  0 -1  0  0  0  0  0  0]
 [ 0  0  0  0  0  0  0  0 -1]]
43
[[ 0  0  0  0 -1  0  0  0  0]
 [ 0  0  0 -1  0  0  0 -1  1]
 [ 0  0  0  0  0  0  0  0  0]
 [ 0  0  0  0  0  0  0  0  0]
 [ 0  0  0  0  0  0  0  1  0]
 [ 0  0  0  0  0  0  0  0  0]
 [ 0  0  0  0  0  0  0  0  0]
 [ 0  0  1  0  0  0  0  0  0]
 [ 0  0  0  0  0  0  0  0  1]]
43
[[ 0  0  0  0  1  0  0  0  0]
 [ 0  0  0  1  0  0  0  0 -1]
 [ 0  0  0  0  0  0  0  0  0]
 [ 0  0  0  0  0  0  0  0  0]
 [ 0  0  0  0  0  0  0  1  0]
 [ 0  0  0  0  0  0  0  0  0]
 [ 0  0  0  0  0  0  0  0  0]
 [ 0  0 -1  0  0  0  0  0  0]
 [ 0  0  0  0  0  0  0  0 -1]]
43
[[ 0  0  0  0  1  0  0  0  0]
 [ 0  0  0  1  0  0  0  0 -1]
 [ 0  0  0  0  0  0  0  0  0]
 [ 0  0  0  0  0  0  0  0  0]
 [ 0  0  0  0  0  0  0  1  0]
 [ 0  0  0  0  0  0  0  0  0]
 [ 0  0  0  0  0  0  0  0  0]
 [ 0  0 -1  0  0  0  0  0  0]
 [ 0  0  0  0  0  0  0  0 -1]]
16
[[ 0  0  0  0 -1  0  0  0  0]
 [ 0  0  0 -1  0  0  0  1  1]
 [ 0  0  0  0  0  0  0  0  0]
 [ 0  0  0  0  0  0  0  0  0]
 [ 0  0  0  0  0  0  0 -1  0]
 [ 0  0  0  0  0  0  0  0  0]
 [ 0  0  0  0  0  0  0  0  0]
 [ 0  0  1  0  0  0  0  0  0]
 [ 0  0  0  0  0  0  0  0  1]]
75
[[ 0  0  0  0  1  0  0  0  0]
 [ 0  0  0  1  0  0  0  0 -1]
 [ 0  0  0  0  0  0  0  0  0]
 [ 0  0  0  0  0  0  0  0  0]
 [ 0  0  0  0  0  0  0  0  0]
 [ 0  0  0  0  0  0  0  0  0]
 [ 0  0  0  0  0  0  0  0  0]
 [ 0  0 -1  0  0  0  0  0  0]
 [ 0  0  0  1  0  0  0  0 -1]]
75
[[ 0  0  0  0  1  0  0  0  0]
 [ 0  0  0  1  0  0  0  0 -1]
 [ 0  0  0  0  0  0  0  0  0]
 [ 0  0  0  0  0  0  0  0  0]
 [ 0  0  0  0  0  0  0  0  0]
 [ 0  0  0  0  0  0  0  0  0]
 [ 0  0  0  0  0  0  0  0  0]
 [ 0  0 -1  0  0  0  0  0  0]
 [ 0  0  0  1  0  0  0  0 -1]]
16
[[ 0  0  0  0 -1  0  0  0  0]
 [ 0  0  0 -1  0  0  0  1  1]
 [ 0  0  0  0  0  0  0  0  0]
 [ 0  0  0  0  0  0  0  0  0]
 [ 0  0  0  0  0  0  0  0  0]
 [ 0  0  0  0  0  0  0  0  0]
 [ 0  0  0  0  0  0  0  0  0]
 [ 0  0  1  0  0  0  0  0  0]
 [ 0  0  0 -1  0  0  0  0  1]]
19
[[ 0  0  0  0  1  0  0  0  0]
 [ 0  0  0  1  0  0  0  0 -1]
 [ 0  1  0  0  0  0  0  0  0]
 [ 0  0  0  0  0  0  0  0  0]
 [ 0  0  0  0  0  0  0  0  0]
 [ 0  0  0  0  0  0  0  0  0]
 [ 0  0  0  0  0  0  0  0  0]
 [ 0  0 -1  0  0  0  0  0  0]
 [ 0  0  0  0  0  0  0  0 -1]]
21
[[ 0  0  0  0  1  0  0  0  0]
 [ 0  0  0  1  0  0  0  0 -1]
 [ 0  0  0  1  0  0  0  0  0]
 [ 0  0  0  0  0  0  0  0  0]
 [ 0  0  0  0  0  0  0  0  0]
 [ 0  0  0  0  0  0  0  0  0]
 [ 0  0  0  0  0  0  0  0  0]
 [ 0  0 -1  0  0  0  0  0  0]
 [ 0  0  0  0  0  0  0  0 -1]]
1
[[ 0  1  0  0  1  0  0  0  0]
 [ 0  0  0  1  0  0  0  0 -1]
 [ 0  0  0  0  0  0  0  0  0]
 [ 0  0  0  0  0  0  0  0  0]
 [ 0  0  0  0  0  0  0  0  0]
 [ 0  0  0  0  0  0  0  0  0]
 [ 0  0  0  0  0  0  0  0  0]
 [ 0  0 -1  0  0  0  0  0  0]
 [ 0  0  0  0  0  0  0  0 -1]]
35
[[ 0  0  0  0  1  0  0  0  0]
 [ 0  0  0  1  0  0  0  0 -1]
 [ 0  0  0  0  0  0  0  0  0]
 [ 0  0  0  0  0  0  0  0  1]
 [ 0  0  0  0  0  0  0  0  0]
 [ 0  0  0  0  0  0  0  0  0]
 [ 0  0  0  0  0  0  0  0  0]
 [ 0  0 -1  0  0  0  0  0  0]
 [ 0  0  0  0  0  0  0  0 -1]]
2
[[ 0  0  1  0  1  0  0  0  0]
 [ 0  0  0  1  0  0  0  0 -1]
 [ 0  0  0  0  0  0  0  0  0]
 [ 0  0  0  0  0  0  0  0  0]
 [ 0  0  0  0  0  0  0  0  0]
 [ 0  0  0  0  0  0  0  0  0]
 [ 0  0  0  0  0  0  0  0  0]
 [ 0  0 -1  0  0  0  0  0  0]
 [ 0  0  0  0  0  0  0  0 -1]]
57
[[ 0  0  0  0  1  0  0  0  0]
 [ 0  0  0  1  0  0  0  0 -1]
 [ 0  0  0  0  0  0  0  0  0]
 [ 0  0  0  0  0  0  0  0  0]
 [ 0  0  0  0  0  0  0  0  0]
 [ 0  0  0  0  0  0  0  0  0]
 [ 0  0  0  1  0  0  0  0  0]
 [ 0  0 -1  0  0  0  0  0  0]
 [ 0  0  0  0  0  0  0  0 -1]]
37
[[ 0  0  0  0  1  0  0  0  0]
 [ 0  0  0  1  0  0  0  0 -1]
 [ 0  0  0  0  0  0  0  0  0]
 [ 0  0  0  0  0  0  0  0  0]
 [ 0  1  0  0  0  0  0  0  0]
 [ 0  0  0  0  0  0  0  0  0]
 [ 0  0  0  0  0  0  0  0  0]
 [ 0  0 -1  0  0  0  0  0  0]
 [ 0  0  0  0  0  0  0  0 -1]]
69
[[ 0  0  0  0  1  0  0  0  0]
 [ 0  0  0  1  0  0  0  0 -1]
 [ 0  0  0  0  0  0  0  0  0]
 [ 0  0  0  0  0  0  0  0  0]
 [ 0  0  0  0  0  0  0  0  0]
 [ 0  0  0  0  0  0  0  0  0]
 [ 0  0  0  0  0  0  0  0  0]
 [ 0  0 -1  0  0  0  1  0  0]
 [ 0  0  0  0  0  0  0  0 -1]]
42
[[ 0  0  0  0  1  0  0  0  0]
 [ 0  0  0  1  0  0  0  0 -1]
 [ 0  0  0  0  0  0  0  0  0]
 [ 0  0  0  0  0  0  0  0  0]
 [ 0  0  0  0  0  0  1  0  0]
 [ 0  0  0  0  0  0  0  0  0]
 [ 0  0  0  0  0  0  0  0  0]
 [ 0  0 -1  0  0  0  0  0  0]
 [ 0  0  0  0  0  0  0  0 -1]]
50
[[ 0  0  0  0  1  0  0  0  0]
 [ 0  0  0  1  0  0  0  0 -1]
 [ 0  0  0  0  0  0  0  0  0]
 [ 0  0  0  0  0  0  0  0  0]
 [ 0  0  0  0  0  0  0  0  0]
 [ 0  0  0  0  0  1  0  0  0]
 [ 0  0  0  0  0  0  0  0  0]
 [ 0  0 -1  0  0  0  0  0  0]
 [ 0  0  0  0  0  0  0  0 -1]]
18
[[ 0  0  0  0  1  0  0  0  0]
 [ 0  0  0  1  0  0  0  0 -1]
 [ 1  0  0  0  0  0  0  0  0]
 [ 0  0  0  0  0  0  0  0  0]
 [ 0  0  0  0  0  0  0  0  0]
 [ 0  0  0  0  0  0  0  0  0]
 [ 0  0  0  0  0  0  0  0  0]
 [ 0  0 -1  0  0  0  0  0  0]
 [ 0  0  0  0  0  0  0  0 -1]]
70
[[ 0  0  0  0  1  0  0  0  0]
 [ 0  0  0  1  0  0  0  0 -1]
 [ 0  0  0  0  0  0  0  0  0]
 [ 0  0  0  0  0  0  0  0  0]
 [ 0  0  0  0  0  0  0  0  0]
 [ 0  0  0  0  0  0  0  0  0]
 [ 0  0  0  0  0  0  0  0  0]
 [ 0  0 -1  0  0  0  0  1  0]
 [ 0  0  0  0  0  0  0  0 -1]]
49
[[ 0  0  0  0  1  0  0  0  0]
 [ 0  0  0  1  0  0  0  0 -1]
 [ 0  0  0  0  0  0  0  0  0]
 [ 0  0  0  0  0  0  0  0  0]
 [ 0  0  0  0  0  0  0  0  0]
 [ 0  0  0  0  1  0  0  0  0]
 [ 0  0  0  0  0  0  0  0  0]
 [ 0  0 -1  0  0  0  0  0  0]
 [ 0  0  0  0  0  0  0  0 -1]]
33
[[ 0  0  0  0  1  0  0  0  0]
 [ 0  0  0  1  0  0  0  0 -1]
 [ 0  0  0  0  0  0  0  0  0]
 [ 0  0  0  0  0  0  1  0  0]
 [ 0  0  0  0  0  0  0  0  0]
 [ 0  0  0  0  0  0  0  0  0]
 [ 0  0  0  0  0  0  0  0  0]
 [ 0  0 -1  0  0  0  0  0  0]
 [ 0  0  0  0  0  0  0  0 -1]]
72
[[ 0  0  0  0  1  0  0  0  0]
 [ 0  0  0  1  0  0  0  0 -1]
 [ 0  0  0  0  0  0  0  0  0]
 [ 0  0  0  0  0  0  0  0  0]
 [ 0  0  0  0  0  0  0  0  0]
 [ 0  0  0  0  0  0  0  0  0]
 [ 0  0  0  0  0  0  0  0  0]
 [ 0  0 -1  0  0  0  0  0  0]
 [ 1  0  0  0  0  0  0  0 -1]]
26
[[ 0  0  0  0  1  0  0  0  0]
 [ 0  0  0  1  0  0  0  0 -1]
 [ 0  0  0  0  0  0  0  0  1]
 [ 0  0  0  0  0  0  0  0  0]
 [ 0  0  0  0  0  0  0  0  0]
 [ 0  0  0  0  0  0  0  0  0]
 [ 0  0  0  0  0  0  0  0  0]
 [ 0  0 -1  0  0  0  0  0  0]
 [ 0  0  0  0  0  0  0  0 -1]]
59
[[ 0  0  0  0  1  0  0  0  0]
 [ 0  0  0  1  0  0  0  0 -1]
 [ 0  0  0  0  0  0  0  0  0]
 [ 0  0  0  0  0  0  0  0  0]
 [ 0  0  0  0  0  0  0  0  0]
 [ 0  0  0  0  0  0  0  0  0]
 [ 0  0  0  0  0  1  0  0  0]
 [ 0  0 -1  0  0  0  0  0  0]
 [ 0  0  0  0  0  0  0  0 -1]]
6
[[ 0  0  0  0  1  0  1  0  0]
 [ 0  0  0  1  0  0  0  0 -1]
 [ 0  0  0  0  0  0  0  0  0]
 [ 0  0  0  0  0  0  0  0  0]
 [ 0  0  0  0  0  0  0  0  0]
 [ 0  0  0  0  0  0  0  0  0]
 [ 0  0  0  0  0  0  0  0  0]
 [ 0  0 -1  0  0  0  0  0  0]
 [ 0  0  0  0  0  0  0  0 -1]]
5
[[ 0  0  0  0  1  1  0  0  0]
 [ 0  0  0  1  0  0  0  0 -1]
 [ 0  0  0  0  0  0  0  0  0]
 [ 0  0  0  0  0  0  0  0  0]
 [ 0  0  0  0  0  0  0  0  0]
 [ 0  0  0  0  0  0  0  0  0]
 [ 0  0  0  0  0  0  0  0  0]
 [ 0  0 -1  0  0  0  0  0  0]
 [ 0  0  0  0  0  0  0  0 -1]]
79
[[ 0  0  0  0  1  0  0  0  0]
 [ 0  0  0  1  0  0  0  0 -1]
 [ 0  0  0  0  0  0  0  0  0]
 [ 0  0  0  0  0  0  0  0  0]
 [ 0  0  0  0  0  0  0  0  0]
 [ 0  0  0  0  0  0  0  0  0]
 [ 0  0  0  0  0  0  0  0  0]
 [ 0  0 -1  0  0  0  0  0  0]
 [ 0  0  0  0  0  0  0  1 -1]]
6
[[ 0  0  0  0 -1  0 -1  0  0]
 [ 0  0  0 -1  0  0  0  0  1]
 [ 0  0  0  0  0  0  0  0  0]
 [ 0  0  0  0  0  0  0  0  0]
 [ 0  0  0  0  0  0  0  0  0]
 [ 0  0  0  0  0  0  0  0  0]
 [ 0  0  0  0  0  0  0  0  0]
 [ 0  0  1  0  0  0  0  0  0]
 [ 0  0  0  0  0  0  0  0  1]]
16
[[ 0  0  0  0 -1  0 -1  0  0]
 [ 0  0  0 -1  0  0  0  1  1]
 [ 0  0  0  0  0  0  0  0  0]
 [ 0  0  0  0  0  0  0  0  0]
 [ 0  0  0  0  0  0  0  0  0]
 [ 0  0  0  0  0  0  0  0  0]
 [ 0  0  0  0  0  0  0  0  0]
 [ 0  0  1  0  0  0  0  0  0]
 [ 0  0  0  0  0  0  0  0  1]]
16
[[ 0  0  0  0 -1  0 -1  0  0]
 [ 0  0  0 -1  0  0  0  1  1]
 [ 0  0  0  0  0  0  0  0  0]
 [ 0  0  0  0  0  0  0  0  0]
 [ 0  0  0  0  0  0  0  0  0]
 [ 0  0  0  0  0  0  0  0  0]
 [ 0  0  0  0  0  0  0  0  0]
 [ 0  0  1  0  0  0  0  0  0]
 [ 0  0  0  0  0  0  0  0  1]]
43
[[ 0  0  0  0  1  0  1  0  0]
 [ 0  0  0  1  0  0  0 -1 -1]
 [ 0  0  0  0  0  0  0  0  0]
 [ 0  0  0  0  0  0  0  0  0]
 [ 0  0  0  0  0  0  0  1  0]
 [ 0  0  0  0  0  0  0  0  0]
 [ 0  0  0  0  0  0  0  0  0]
 [ 0  0 -1  0  0  0  0  0  0]
 [ 0  0  0  0  0  0  0  0 -1]]
43
[[ 0  0  0  0 -1  0 -1  0  0]
 [ 0  0  0 -1  0  0  0  0  1]
 [ 0  0  0  0  0  0  0  0  0]
 [ 0  0  0  0  0  0  0  0  0]
 [ 0  0  0  0  0  0  0  1  0]
 [ 0  0  0  0  0  0  0  0  0]
 [ 0  0  0  0  0  0  0  0  0]
 [ 0  0  1  0  0  0  0  0  0]
 [ 0  0  0  0  0  0  0  0  1]]
43
[[ 0  0  0  0 -1  0 -1  0  0]
 [ 0  0  0 -1  0  0  0  0  1]
 [ 0  0  0  0  0  0  0  0  0]
 [ 0  0  0  0  0  0  0  0  0]
 [ 0  0  0  0  0  0  0  1  0]
 [ 0  0  0  0  0  0  0  0  0]
 [ 0  0  0  0  0  0  0  0  0]
 [ 0  0  1  0  0  0  0  0  0]
 [ 0  0  0  0  0  0  0  0  1]]
16
[[ 0  0  0  0  1  0  1  0  0]
 [ 0  0  0  1  0  0  0  1 -1]
 [ 0  0  0  0  0  0  0  0  0]
 [ 0  0  0  0  0  0  0  0  0]
 [ 0  0  0  0  0  0  0 -1  0]
 [ 0  0  0  0  0  0  0  0  0]
 [ 0  0  0  0  0  0  0  0  0]
 [ 0  0 -1  0  0  0  0  0  0]
 [ 0  0  0  0  0  0  0  0 -1]]
75
[[ 0  0  0  0 -1  0 -1  0  0]
 [ 0  0  0 -1  0  0  0  0  1]
 [ 0  0  0  0  0  0  0  0  0]
 [ 0  0  0  0  0  0  0  0  0]
 [ 0  0  0  0  0  0  0  0  0]
 [ 0  0  0  0  0  0  0  0  0]
 [ 0  0  0  0  0  0  0  0  0]
 [ 0  0  1  0  0  0  0  0  0]
 [ 0  0  0  1  0  0  0  0  1]]
75
[[ 0  0  0  0 -1  0 -1  0  0]
 [ 0  0  0 -1  0  0  0  0  1]
 [ 0  0  0  0  0  0  0  0  0]
 [ 0  0  0  0  0  0  0  0  0]
 [ 0  0  0  0  0  0  0  0  0]
 [ 0  0  0  0  0  0  0  0  0]
 [ 0  0  0  0  0  0  0  0  0]
 [ 0  0  1  0  0  0  0  0  0]
 [ 0  0  0  1  0  0  0  0  1]]
16
[[ 0  0  0  0  1  0  1  0  0]
 [ 0  0  0  1  0  0  0  1 -1]
 [ 0  0  0  0  0  0  0  0  0]
 [ 0  0  0  0  0  0  0  0  0]
 [ 0  0  0  0  0  0  0  0  0]
 [ 0  0  0  0  0  0  0  0  0]
 [ 0  0  0  0  0  0  0  0  0]
 [ 0  0 -1  0  0  0  0  0  0]
 [ 0  0  0 -1  0  0  0  0 -1]]
19
[[ 0  0  0  0 -1  0 -1  0  0]
 [ 0  0  0 -1  0  0  0  0  1]
 [ 0  1  0  0  0  0  0  0  0]
 [ 0  0  0  0  0  0  0  0  0]
 [ 0  0  0  0  0  0  0  0  0]
 [ 0  0  0  0  0  0  0  0  0]
 [ 0  0  0  0  0  0  0  0  0]
 [ 0  0  1  0  0  0  0  0  0]
 [ 0  0  0  0  0  0  0  0  1]]
21
[[ 0  0  0  0 -1  0 -1  0  0]
 [ 0  0  0 -1  0  0  0  0  1]
 [ 0  0  0  1  0  0  0  0  0]
 [ 0  0  0  0  0  0  0  0  0]
 [ 0  0  0  0  0  0  0  0  0]
 [ 0  0  0  0  0  0  0  0  0]
 [ 0  0  0  0  0  0  0  0  0]
 [ 0  0  1  0  0  0  0  0  0]
 [ 0  0  0  0  0  0  0  0  1]]
1
[[ 0  1  0  0 -1  0 -1  0  0]
 [ 0  0  0 -1  0  0  0  0  1]
 [ 0  0  0  0  0  0  0  0  0]
 [ 0  0  0  0  0  0  0  0  0]
 [ 0  0  0  0  0  0  0  0  0]
 [ 0  0  0  0  0  0  0  0  0]
 [ 0  0  0  0  0  0  0  0  0]
 [ 0  0  1  0  0  0  0  0  0]
 [ 0  0  0  0  0  0  0  0  1]]
35
[[ 0  0  0  0 -1  0 -1  0  0]
 [ 0  0  0 -1  0  0  0  0  1]
 [ 0  0  0  0  0  0  0  0  0]
 [ 0  0  0  0  0  0  0  0  1]
 [ 0  0  0  0  0  0  0  0  0]
 [ 0  0  0  0  0  0  0  0  0]
 [ 0  0  0  0  0  0  0  0  0]
 [ 0  0  1  0  0  0  0  0  0]
 [ 0  0  0  0  0  0  0  0  1]]
2
[[ 0  0  1  0 -1  0 -1  0  0]
 [ 0  0  0 -1  0  0  0  0  1]
 [ 0  0  0  0  0  0  0  0  0]
 [ 0  0  0  0  0  0  0  0  0]
 [ 0  0  0  0  0  0  0  0  0]
 [ 0  0  0  0  0  0  0  0  0]
 [ 0  0  0  0  0  0  0  0  0]
 [ 0  0  1  0  0  0  0  0  0]
 [ 0  0  0  0  0  0  0  0  1]]
57
[[ 0  0  0  0 -1  0 -1  0  0]
 [ 0  0  0 -1  0  0  0  0  1]
 [ 0  0  0  0  0  0  0  0  0]
 [ 0  0  0  0  0  0  0  0  0]
 [ 0  0  0  0  0  0  0  0  0]
 [ 0  0  0  0  0  0  0  0  0]
 [ 0  0  0  1  0  0  0  0  0]
 [ 0  0  1  0  0  0  0  0  0]
 [ 0  0  0  0  0  0  0  0  1]]
37
[[ 0  0  0  0 -1  0 -1  0  0]
 [ 0  0  0 -1  0  0  0  0  1]
 [ 0  0  0  0  0  0  0  0  0]
 [ 0  0  0  0  0  0  0  0  0]
 [ 0  1  0  0  0  0  0  0  0]
 [ 0  0  0  0  0  0  0  0  0]
 [ 0  0  0  0  0  0  0  0  0]
 [ 0  0  1  0  0  0  0  0  0]
 [ 0  0  0  0  0  0  0  0  1]]
69
[[ 0  0  0  0 -1  0 -1  0  0]
 [ 0  0  0 -1  0  0  0  0  1]
 [ 0  0  0  0  0  0  0  0  0]
 [ 0  0  0  0  0  0  0  0  0]
 [ 0  0  0  0  0  0  0  0  0]
 [ 0  0  0  0  0  0  0  0  0]
 [ 0  0  0  0  0  0  0  0  0]
 [ 0  0  1  0  0  0  1  0  0]
 [ 0  0  0  0  0  0  0  0  1]]
42
[[ 0  0  0  0 -1  0 -1  0  0]
 [ 0  0  0 -1  0  0  0  0  1]
 [ 0  0  0  0  0  0  0  0  0]
 [ 0  0  0  0  0  0  0  0  0]
 [ 0  0  0  0  0  0  1  0  0]
 [ 0  0  0  0  0  0  0  0  0]
 [ 0  0  0  0  0  0  0  0  0]
 [ 0  0  1  0  0  0  0  0  0]
 [ 0  0  0  0  0  0  0  0  1]]
18
[[ 0  0  0  0 -1  0 -1  0  0]
 [ 0  0  0 -1  0  0  0  0  1]
 [ 1  0  0  0  0  0  0  0  0]
 [ 0  0  0  0  0  0  0  0  0]
 [ 0  0  0  0  0  0  0  0  0]
 [ 0  0  0  0  0  0  0  0  0]
 [ 0  0  0  0  0  0  0  0  0]
 [ 0  0  1  0  0  0  0  0  0]
 [ 0  0  0  0  0  0  0  0  1]]
50
[[ 0  0  0  0 -1  0 -1  0  0]
 [ 0  0  0 -1  0  0  0  0  1]
 [ 0  0  0  0  0  0  0  0  0]
 [ 0  0  0  0  0  0  0  0  0]
 [ 0  0  0  0  0  0  0  0  0]
 [ 0  0  0  0  0  1  0  0  0]
 [ 0  0  0  0  0  0  0  0  0]
 [ 0  0  1  0  0  0  0  0  0]
 [ 0  0  0  0  0  0  0  0  1]]
72
[[ 0  0  0  0 -1  0 -1  0  0]
 [ 0  0  0 -1  0  0  0  0  1]
 [ 0  0  0  0  0  0  0  0  0]
 [ 0  0  0  0  0  0  0  0  0]
 [ 0  0  0  0  0  0  0  0  0]
 [ 0  0  0  0  0  0  0  0  0]
 [ 0  0  0  0  0  0  0  0  0]
 [ 0  0  1  0  0  0  0  0  0]
 [ 1  0  0  0  0  0  0  0  1]]
49
[[ 0  0  0  0 -1  0 -1  0  0]
 [ 0  0  0 -1  0  0  0  0  1]
 [ 0  0  0  0  0  0  0  0  0]
 [ 0  0  0  0  0  0  0  0  0]
 [ 0  0  0  0  0  0  0  0  0]
 [ 0  0  0  0  1  0  0  0  0]
 [ 0  0  0  0  0  0  0  0  0]
 [ 0  0  1  0  0  0  0  0  0]
 [ 0  0  0  0  0  0  0  0  1]]
33
[[ 0  0  0  0 -1  0 -1  0  0]
 [ 0  0  0 -1  0  0  0  0  1]
 [ 0  0  0  0  0  0  0  0  0]
 [ 0  0  0  0  0  0  1  0  0]
 [ 0  0  0  0  0  0  0  0  0]
 [ 0  0  0  0  0  0  0  0  0]
 [ 0  0  0  0  0  0  0  0  0]
 [ 0  0  1  0  0  0  0  0  0]
 [ 0  0  0  0  0  0  0  0  1]]
26
[[ 0  0  0  0 -1  0 -1  0  0]
 [ 0  0  0 -1  0  0  0  0  1]
 [ 0  0  0  0  0  0  0  0  1]
 [ 0  0  0  0  0  0  0  0  0]
 [ 0  0  0  0  0  0  0  0  0]
 [ 0  0  0  0  0  0  0  0  0]
 [ 0  0  0  0  0  0  0  0  0]
 [ 0  0  1  0  0  0  0  0  0]
 [ 0  0  0  0  0  0  0  0  1]]
70
[[ 0  0  0  0 -1  0 -1  0  0]
 [ 0  0  0 -1  0  0  0  0  1]
 [ 0  0  0  0  0  0  0  0  0]
 [ 0  0  0  0  0  0  0  0  0]
 [ 0  0  0  0  0  0  0  0  0]
 [ 0  0  0  0  0  0  0  0  0]
 [ 0  0  0  0  0  0  0  0  0]
 [ 0  0  1  0  0  0  0  1  0]
 [ 0  0  0  0  0  0  0  0  1]]
59
[[ 0  0  0  0 -1  0 -1  0  0]
 [ 0  0  0 -1  0  0  0  0  1]
 [ 0  0  0  0  0  0  0  0  0]
 [ 0  0  0  0  0  0  0  0  0]
 [ 0  0  0  0  0  0  0  0  0]
 [ 0  0  0  0  0  0  0  0  0]
 [ 0  0  0  0  0  1  0  0  0]
 [ 0  0  1  0  0  0  0  0  0]
 [ 0  0  0  0  0  0  0  0  1]]
5
[[ 0  0  0  0 -1  1 -1  0  0]
 [ 0  0  0 -1  0  0  0  0  1]
 [ 0  0  0  0  0  0  0  0  0]
 [ 0  0  0  0  0  0  0  0  0]
 [ 0  0  0  0  0  0  0  0  0]
 [ 0  0  0  0  0  0  0  0  0]
 [ 0  0  0  0  0  0  0  0  0]
 [ 0  0  1  0  0  0  0  0  0]
 [ 0  0  0  0  0  0  0  0  1]]
27
[[ 0  0  0  0 -1  0 -1  0  0]
 [ 0  0  0 -1  0  0  0  0  1]
 [ 0  0  0  0  0  0  0  0  0]
 [ 1  0  0  0  0  0  0  0  0]
 [ 0  0  0  0  0  0  0  0  0]
 [ 0  0  0  0  0  0  0  0  0]
 [ 0  0  0  0  0  0  0  0  0]
 [ 0  0  1  0  0  0  0  0  0]
 [ 0  0  0  0  0  0  0  0  1]]
2
[[ 0  0  1  0 -1  0 -1  0  0]
 [ 0  0  0 -1  0  0  0  0  1]
 [ 0  0  0  0  0  0  0  0  0]
 [ 0  0  0  0  0  0  0  0  0]
 [ 0  0  0  0  0  0  0  0  0]
 [ 0  0  0  0  0  0  0  0  0]
 [ 0  0  0  0  0  0  0  0  0]
 [ 0  0  1  0  0  0  0  0  0]
 [ 0  0  0  0  0  0  0  0  1]]
16
[[ 0  0 -1  0  1  0  1  0  0]
 [ 0  0  0  1  0  0  0  1 -1]
 [ 0  0  0  0  0  0  0  0  0]
 [ 0  0  0  0  0  0  0  0  0]
 [ 0  0  0  0  0  0  0  0  0]
 [ 0  0  0  0  0  0  0  0  0]
 [ 0  0  0  0  0  0  0  0  0]
 [ 0  0 -1  0  0  0  0  0  0]
 [ 0  0  0  0  0  0  0  0 -1]]
16
[[ 0  0 -1  0  1  0  1  0  0]
 [ 0  0  0  1  0  0  0  1 -1]
 [ 0  0  0  0  0  0  0  0  0]
 [ 0  0  0  0  0  0  0  0  0]
 [ 0  0  0  0  0  0  0  0  0]
 [ 0  0  0  0  0  0  0  0  0]
 [ 0  0  0  0  0  0  0  0  0]
 [ 0  0 -1  0  0  0  0  0  0]
 [ 0  0  0  0  0  0  0  0 -1]]
43
[[ 0  0  1  0 -1  0 -1  0  0]
 [ 0  0  0 -1  0  0  0 -1  1]
 [ 0  0  0  0  0  0  0  0  0]
 [ 0  0  0  0  0  0  0  0  0]
 [ 0  0  0  0  0  0  0  1  0]
 [ 0  0  0  0  0  0  0  0  0]
 [ 0  0  0  0  0  0  0  0  0]
 [ 0  0  1  0  0  0  0  0  0]
 [ 0  0  0  0  0  0  0  0  1]]
43
[[ 0  0 -1  0  1  0  1  0  0]
 [ 0  0  0  1  0  0  0  0 -1]
 [ 0  0  0  0  0  0  0  0  0]
 [ 0  0  0  0  0  0  0  0  0]
 [ 0  0  0  0  0  0  0  1  0]
 [ 0  0  0  0  0  0  0  0  0]
 [ 0  0  0  0  0  0  0  0  0]
 [ 0  0 -1  0  0  0  0  0  0]
 [ 0  0  0  0  0  0  0  0 -1]]
43
[[ 0  0 -1  0  1  0  1  0  0]
 [ 0  0  0  1  0  0  0  0 -1]
 [ 0  0  0  0  0  0  0  0  0]
 [ 0  0  0  0  0  0  0  0  0]
 [ 0  0  0  0  0  0  0  1  0]
 [ 0  0  0  0  0  0  0  0  0]
 [ 0  0  0  0  0  0  0  0  0]
 [ 0  0 -1  0  0  0  0  0  0]
 [ 0  0  0  0  0  0  0  0 -1]]
16
[[ 0  0  1  0 -1  0 -1  0  0]
 [ 0  0  0 -1  0  0  0  1  1]
 [ 0  0  0  0  0  0  0  0  0]
 [ 0  0  0  0  0  0  0  0  0]
 [ 0  0  0  0  0  0  0 -1  0]
 [ 0  0  0  0  0  0  0  0  0]
 [ 0  0  0  0  0  0  0  0  0]
 [ 0  0  1  0  0  0  0  0  0]
 [ 0  0  0  0  0  0  0  0  1]]
75
[[ 0  0 -1  0  1  0  1  0  0]
 [ 0  0  0  1  0  0  0  0 -1]
 [ 0  0  0  0  0  0  0  0  0]
 [ 0  0  0  0  0  0  0  0  0]
 [ 0  0  0  0  0  0  0  0  0]
 [ 0  0  0  0  0  0  0  0  0]
 [ 0  0  0  0  0  0  0  0  0]
 [ 0  0 -1  0  0  0  0  0  0]
 [ 0  0  0  1  0  0  0  0 -1]]
19
[[ 0  0 -1  0  1  0  1  0  0]
 [ 0  0  0  1  0  0  0  0 -1]
 [ 0  1  0  0  0  0  0  0  0]
 [ 0  0  0  0  0  0  0  0  0]
 [ 0  0  0  0  0  0  0  0  0]
 [ 0  0  0  0  0  0  0  0  0]
 [ 0  0  0  0  0  0  0  0  0]
 [ 0  0 -1  0  0  0  0  0  0]
 [ 0  0  0  0  0  0  0  0 -1]]
21
[[ 0  0 -1  0  1  0  1  0  0]
 [ 0  0  0  1  0  0  0  0 -1]
 [ 0  0  0  1  0  0  0  0  0]
 [ 0  0  0  0  0  0  0  0  0]
 [ 0  0  0  0  0  0  0  0  0]
 [ 0  0  0  0  0  0  0  0  0]
 [ 0  0  0  0  0  0  0  0  0]
 [ 0  0 -1  0  0  0  0  0  0]
 [ 0  0  0  0  0  0  0  0 -1]]
1
[[ 0  1 -1  0  1  0  1  0  0]
 [ 0  0  0  1  0  0  0  0 -1]
 [ 0  0  0  0  0  0  0  0  0]
 [ 0  0  0  0  0  0  0  0  0]
 [ 0  0  0  0  0  0  0  0  0]
 [ 0  0  0  0  0  0  0  0  0]
 [ 0  0  0  0  0  0  0  0  0]
 [ 0  0 -1  0  0  0  0  0  0]
 [ 0  0  0  0  0  0  0  0 -1]]
35
[[ 0  0 -1  0  1  0  1  0  0]
 [ 0  0  0  1  0  0  0  0 -1]
 [ 0  0  0  0  0  0  0  0  0]
 [ 0  0  0  0  0  0  0  0  1]
 [ 0  0  0  0  0  0  0  0  0]
 [ 0  0  0  0  0  0  0  0  0]
 [ 0  0  0  0  0  0  0  0  0]
 [ 0  0 -1  0  0  0  0  0  0]
 [ 0  0  0  0  0  0  0  0 -1]]
57
[[ 0  0 -1  0  1  0  1  0  0]
 [ 0  0  0  1  0  0  0  0 -1]
 [ 0  0  0  0  0  0  0  0  0]
 [ 0  0  0  0  0  0  0  0  0]
 [ 0  0  0  0  0  0  0  0  0]
 [ 0  0  0  0  0  0  0  0  0]
 [ 0  0  0  1  0  0  0  0  0]
 [ 0  0 -1  0  0  0  0  0  0]
 [ 0  0  0  0  0  0  0  0 -1]]
37
[[ 0  0 -1  0  1  0  1  0  0]
 [ 0  0  0  1  0  0  0  0 -1]
 [ 0  0  0  0  0  0  0  0  0]
 [ 0  0  0  0  0  0  0  0  0]
 [ 0  1  0  0  0  0  0  0  0]
 [ 0  0  0  0  0  0  0  0  0]
 [ 0  0  0  0  0  0  0  0  0]
 [ 0  0 -1  0  0  0  0  0  0]
 [ 0  0  0  0  0  0  0  0 -1]]
69
[[ 0  0 -1  0  1  0  1  0  0]
 [ 0  0  0  1  0  0  0  0 -1]
 [ 0  0  0  0  0  0  0  0  0]
 [ 0  0  0  0  0  0  0  0  0]
 [ 0  0  0  0  0  0  0  0  0]
 [ 0  0  0  0  0  0  0  0  0]
 [ 0  0  0  0  0  0  0  0  0]
 [ 0  0 -1  0  0  0  1  0  0]
 [ 0  0  0  0  0  0  0  0 -1]]
42
[[ 0  0 -1  0  1  0  1  0  0]
 [ 0  0  0  1  0  0  0  0 -1]
 [ 0  0  0  0  0  0  0  0  0]
 [ 0  0  0  0  0  0  0  0  0]
 [ 0  0  0  0  0  0  1  0  0]
 [ 0  0  0  0  0  0  0  0  0]
 [ 0  0  0  0  0  0  0  0  0]
 [ 0  0 -1  0  0  0  0  0  0]
 [ 0  0  0  0  0  0  0  0 -1]]
50
[[ 0  0 -1  0  1  0  1  0  0]
 [ 0  0  0  1  0  0  0  0 -1]
 [ 0  0  0  0  0  0  0  0  0]
 [ 0  0  0  0  0  0  0  0  0]
 [ 0  0  0  0  0  0  0  0  0]
 [ 0  0  0  0  0  1  0  0  0]
 [ 0  0  0  0  0  0  0  0  0]
 [ 0  0 -1  0  0  0  0  0  0]
 [ 0  0  0  0  0  0  0  0 -1]]
18
[[ 0  0 -1  0  1  0  1  0  0]
 [ 0  0  0  1  0  0  0  0 -1]
 [ 1  0  0  0  0  0  0  0  0]
 [ 0  0  0  0  0  0  0  0  0]
 [ 0  0  0  0  0  0  0  0  0]
 [ 0  0  0  0  0  0  0  0  0]
 [ 0  0  0  0  0  0  0  0  0]
 [ 0  0 -1  0  0  0  0  0  0]
 [ 0  0  0  0  0  0  0  0 -1]]
70
[[ 0  0 -1  0  1  0  1  0  0]
 [ 0  0  0  1  0  0  0  0 -1]
 [ 0  0  0  0  0  0  0  0  0]
 [ 0  0  0  0  0  0  0  0  0]
 [ 0  0  0  0  0  0  0  0  0]
 [ 0  0  0  0  0  0  0  0  0]
 [ 0  0  0  0  0  0  0  0  0]
 [ 0  0 -1  0  0  0  0  1  0]
 [ 0  0  0  0  0  0  0  0 -1]]
49
[[ 0  0 -1  0  1  0  1  0  0]
 [ 0  0  0  1  0  0  0  0 -1]
 [ 0  0  0  0  0  0  0  0  0]
 [ 0  0  0  0  0  0  0  0  0]
 [ 0  0  0  0  0  0  0  0  0]
 [ 0  0  0  0  1  0  0  0  0]
 [ 0  0  0  0  0  0  0  0  0]
 [ 0  0 -1  0  0  0  0  0  0]
 [ 0  0  0  0  0  0  0  0 -1]]
33
[[ 0  0 -1  0  1  0  1  0  0]
 [ 0  0  0  1  0  0  0  0 -1]
 [ 0  0  0  0  0  0  0  0  0]
 [ 0  0  0  0  0  0  1  0  0]
 [ 0  0  0  0  0  0  0  0  0]
 [ 0  0  0  0  0  0  0  0  0]
 [ 0  0  0  0  0  0  0  0  0]
 [ 0  0 -1  0  0  0  0  0  0]
 [ 0  0  0  0  0  0  0  0 -1]]
72
[[ 0  0 -1  0  1  0  1  0  0]
 [ 0  0  0  1  0  0  0  0 -1]
 [ 0  0  0  0  0  0  0  0  0]
 [ 0  0  0  0  0  0  0  0  0]
 [ 0  0  0  0  0  0  0  0  0]
 [ 0  0  0  0  0  0  0  0  0]
 [ 0  0  0  0  0  0  0  0  0]
 [ 0  0 -1  0  0  0  0  0  0]
 [ 1  0  0  0  0  0  0  0 -1]]
26
[[ 0  0 -1  0  1  0  1  0  0]
 [ 0  0  0  1  0  0  0  0 -1]
 [ 0  0  0  0  0  0  0  0  1]
 [ 0  0  0  0  0  0  0  0  0]
 [ 0  0  0  0  0  0  0  0  0]
 [ 0  0  0  0  0  0  0  0  0]
 [ 0  0  0  0  0  0  0  0  0]
 [ 0  0 -1  0  0  0  0  0  0]
 [ 0  0  0  0  0  0  0  0 -1]]
59
[[ 0  0 -1  0  1  0  1  0  0]
 [ 0  0  0  1  0  0  0  0 -1]
 [ 0  0  0  0  0  0  0  0  0]
 [ 0  0  0  0  0  0  0  0  0]
 [ 0  0  0  0  0  0  0  0  0]
 [ 0  0  0  0  0  0  0  0  0]
 [ 0  0  0  0  0  1  0  0  0]
 [ 0  0 -1  0  0  0  0  0  0]
 [ 0  0  0  0  0  0  0  0 -1]]
79
[[ 0  0 -1  0  1  0  1  0  0]
 [ 0  0  0  1  0  0  0  0 -1]
 [ 0  0  0  0  0  0  0  0  0]
 [ 0  0  0  0  0  0  0  0  0]
 [ 0  0  0  0  0  0  0  0  0]
 [ 0  0  0  0  0  0  0  0  0]
 [ 0  0  0  0  0  0  0  0  0]
 [ 0  0 -1  0  0  0  0  0  0]
 [ 0  0  0  0  0  0  0  1 -1]]
5
[[ 0  0 -1  0  1  1  1  0  0]
 [ 0  0  0  1  0  0  0  0 -1]
 [ 0  0  0  0  0  0  0  0  0]
 [ 0  0  0  0  0  0  0  0  0]
 [ 0  0  0  0  0  0  0  0  0]
 [ 0  0  0  0  0  0  0  0  0]
 [ 0  0  0  0  0  0  0  0  0]
 [ 0  0 -1  0  0  0  0  0  0]
 [ 0  0  0  0  0  0  0  0 -1]]
27
[[ 0  0 -1  0  1  0  1  0  0]
 [ 0  0  0  1  0  0  0  0 -1]
 [ 0  0  0  0  0  0  0  0  0]
 [ 1  0  0  0  0  0  0  0  0]
 [ 0  0  0  0  0  0  0  0  0]
 [ 0  0  0  0  0  0  0  0  0]
 [ 0  0  0  0  0  0  0  0  0]
 [ 0  0 -1  0  0  0  0  0  0]
 [ 0  0  0  0  0  0  0  0 -1]]
66
[[ 0  0 -1  0  1  0  1  0  0]
 [ 0  0  0  1  0  0  0  0 -1]
 [ 0  0  0  0  0  0  0  0  0]
 [ 0  0  0  0  0  0  0  0  0]
 [ 0  0  0  0  0  0  0  0  0]
 [ 0  0  0  0  0  0  0  0  0]
 [ 0  0  0  0  0  0  0  0  0]
 [ 0  0 -1  1  0  0  0  0  0]
 [ 0  0  0  0  0  0  0  0 -1]]
33
[[ 0  0  1  0 -1  0 -1  0  0]
 [ 0  0  0 -1  0  0  0  0  1]
 [ 0  0  0  0  0  0  0  0  0]
 [ 0  0  0  0  0  0 -1  0  0]
 [ 0  0  0  0  0  0  0  0  0]
 [ 0  0  0  0  0  0  0  0  0]
 [ 0  0  0  0  0  0  0  0  0]
 [ 0  0  1  0  0  0  0  0  0]
 [ 0  0  0  0  0  0  0  0  1]]
16
[[ 0  0  1  0 -1  0 -1  0  0]
 [ 0  0  0 -1  0  0  0  1  1]
 [ 0  0  0  0  0  0  0  0  0]
 [ 0  0  0  0  0  0 -1  0  0]
 [ 0  0  0  0  0  0  0  0  0]
 [ 0  0  0  0  0  0  0  0  0]
 [ 0  0  0  0  0  0  0  0  0]
 [ 0  0  1  0  0  0  0  0  0]
 [ 0  0  0  0  0  0  0  0  1]]
16
[[ 0  0  1  0 -1  0 -1  0  0]
 [ 0  0  0 -1  0  0  0  1  1]
 [ 0  0  0  0  0  0  0  0  0]
 [ 0  0  0  0  0  0 -1  0  0]
 [ 0  0  0  0  0  0  0  0  0]
 [ 0  0  0  0  0  0  0  0  0]
 [ 0  0  0  0  0  0  0  0  0]
 [ 0  0  1  0  0  0  0  0  0]
 [ 0  0  0  0  0  0  0  0  1]]
43
[[ 0  0 -1  0  1  0  1  0  0]
 [ 0  0  0  1  0  0  0 -1 -1]
 [ 0  0  0  0  0  0  0  0  0]
 [ 0  0  0  0  0  0  1  0  0]
 [ 0  0  0  0  0  0  0  1  0]
 [ 0  0  0  0  0  0  0  0  0]
 [ 0  0  0  0  0  0  0  0  0]
 [ 0  0 -1  0  0  0  0  0  0]
 [ 0  0  0  0  0  0  0  0 -1]]
43
[[ 0  0  1  0 -1  0 -1  0  0]
 [ 0  0  0 -1  0  0  0  0  1]
 [ 0  0  0  0  0  0  0  0  0]
 [ 0  0  0  0  0  0 -1  0  0]
 [ 0  0  0  0  0  0  0  1  0]
 [ 0  0  0  0  0  0  0  0  0]
 [ 0  0  0  0  0  0  0  0  0]
 [ 0  0  1  0  0  0  0  0  0]
 [ 0  0  0  0  0  0  0  0  1]]
43
[[ 0  0  1  0 -1  0 -1  0  0]
 [ 0  0  0 -1  0  0  0  0  1]
 [ 0  0  0  0  0  0  0  0  0]
 [ 0  0  0  0  0  0 -1  0  0]
 [ 0  0  0  0  0  0  0  1  0]
 [ 0  0  0  0  0  0  0  0  0]
 [ 0  0  0  0  0  0  0  0  0]
 [ 0  0  1  0  0  0  0  0  0]
 [ 0  0  0  0  0  0  0  0  1]]
16
[[ 0  0 -1  0  1  0  1  0  0]
 [ 0  0  0  1  0  0  0  1 -1]
 [ 0  0  0  0  0  0  0  0  0]
 [ 0  0  0  0  0  0  1  0  0]
 [ 0  0  0  0  0  0  0 -1  0]
 [ 0  0  0  0  0  0  0  0  0]
 [ 0  0  0  0  0  0  0  0  0]
 [ 0  0 -1  0  0  0  0  0  0]
 [ 0  0  0  0  0  0  0  0 -1]]
75
[[ 0  0  1  0 -1  0 -1  0  0]
 [ 0  0  0 -1  0  0  0  0  1]
 [ 0  0  0  0  0  0  0  0  0]
 [ 0  0  0  0  0  0 -1  0  0]
 [ 0  0  0  0  0  0  0  0  0]
 [ 0  0  0  0  0  0  0  0  0]
 [ 0  0  0  0  0  0  0  0  0]
 [ 0  0  1  0  0  0  0  0  0]
 [ 0  0  0  1  0  0  0  0  1]]
19
[[ 0  0  1  0 -1  0 -1  0  0]
 [ 0  0  0 -1  0  0  0  0  1]
 [ 0  1  0  0  0  0  0  0  0]
 [ 0  0  0  0  0  0 -1  0  0]
 [ 0  0  0  0  0  0  0  0  0]
 [ 0  0  0  0  0  0  0  0  0]
 [ 0  0  0  0  0  0  0  0  0]
 [ 0  0  1  0  0  0  0  0  0]
 [ 0  0  0  0  0  0  0  0  1]]
21
[[ 0  0  1  0 -1  0 -1  0  0]
 [ 0  0  0 -1  0  0  0  0  1]
 [ 0  0  0  1  0  0  0  0  0]
 [ 0  0  0  0  0  0 -1  0  0]
 [ 0  0  0  0  0  0  0  0  0]
 [ 0  0  0  0  0  0  0  0  0]
 [ 0  0  0  0  0  0  0  0  0]
 [ 0  0  1  0  0  0  0  0  0]
 [ 0  0  0  0  0  0  0  0  1]]
1
[[ 0  1  1  0 -1  0 -1  0  0]
 [ 0  0  0 -1  0  0  0  0  1]
 [ 0  0  0  0  0  0  0  0  0]
 [ 0  0  0  0  0  0 -1  0  0]
 [ 0  0  0  0  0  0  0  0  0]
 [ 0  0  0  0  0  0  0  0  0]
 [ 0  0  0  0  0  0  0  0  0]
 [ 0  0  1  0  0  0  0  0  0]
 [ 0  0  0  0  0  0  0  0  1]]
35
[[ 0  0  1  0 -1  0 -1  0  0]
 [ 0  0  0 -1  0  0  0  0  1]
 [ 0  0  0  0  0  0  0  0  0]
 [ 0  0  0  0  0  0 -1  0  1]
 [ 0  0  0  0  0  0  0  0  0]
 [ 0  0  0  0  0  0  0  0  0]
 [ 0  0  0  0  0  0  0  0  0]
 [ 0  0  1  0  0  0  0  0  0]
 [ 0  0  0  0  0  0  0  0  1]]
57
[[ 0  0  1  0 -1  0 -1  0  0]
 [ 0  0  0 -1  0  0  0  0  1]
 [ 0  0  0  0  0  0  0  0  0]
 [ 0  0  0  0  0  0 -1  0  0]
 [ 0  0  0  0  0  0  0  0  0]
 [ 0  0  0  0  0  0  0  0  0]
 [ 0  0  0  1  0  0  0  0  0]
 [ 0  0  1  0  0  0  0  0  0]
 [ 0  0  0  0  0  0  0  0  1]]
37
[[ 0  0  1  0 -1  0 -1  0  0]
 [ 0  0  0 -1  0  0  0  0  1]
 [ 0  0  0  0  0  0  0  0  0]
 [ 0  0  0  0  0  0 -1  0  0]
 [ 0  1  0  0  0  0  0  0  0]
 [ 0  0  0  0  0  0  0  0  0]
 [ 0  0  0  0  0  0  0  0  0]
 [ 0  0  1  0  0  0  0  0  0]
 [ 0  0  0  0  0  0  0  0  1]]
69
[[ 0  0  1  0 -1  0 -1  0  0]
 [ 0  0  0 -1  0  0  0  0  1]
 [ 0  0  0  0  0  0  0  0  0]
 [ 0  0  0  0  0  0 -1  0  0]
 [ 0  0  0  0  0  0  0  0  0]
 [ 0  0  0  0  0  0  0  0  0]
 [ 0  0  0  0  0  0  0  0  0]
 [ 0  0  1  0  0  0  1  0  0]
 [ 0  0  0  0  0  0  0  0  1]]
42
[[ 0  0  1  0 -1  0 -1  0  0]
 [ 0  0  0 -1  0  0  0  0  1]
 [ 0  0  0  0  0  0  0  0  0]
 [ 0  0  0  0  0  0 -1  0  0]
 [ 0  0  0  0  0  0  1  0  0]
 [ 0  0  0  0  0  0  0  0  0]
 [ 0  0  0  0  0  0  0  0  0]
 [ 0  0  1  0  0  0  0  0  0]
 [ 0  0  0  0  0  0  0  0  1]]
18
[[ 0  0  1  0 -1  0 -1  0  0]
 [ 0  0  0 -1  0  0  0  0  1]
 [ 1  0  0  0  0  0  0  0  0]
 [ 0  0  0  0  0  0 -1  0  0]
 [ 0  0  0  0  0  0  0  0  0]
 [ 0  0  0  0  0  0  0  0  0]
 [ 0  0  0  0  0  0  0  0  0]
 [ 0  0  1  0  0  0  0  0  0]
 [ 0  0  0  0  0  0  0  0  1]]
50
[[ 0  0  1  0 -1  0 -1  0  0]
 [ 0  0  0 -1  0  0  0  0  1]
 [ 0  0  0  0  0  0  0  0  0]
 [ 0  0  0  0  0  0 -1  0  0]
 [ 0  0  0  0  0  0  0  0  0]
 [ 0  0  0  0  0  1  0  0  0]
 [ 0  0  0  0  0  0  0  0  0]
 [ 0  0  1  0  0  0  0  0  0]
 [ 0  0  0  0  0  0  0  0  1]]
49
[[ 0  0  1  0 -1  0 -1  0  0]
 [ 0  0  0 -1  0  0  0  0  1]
 [ 0  0  0  0  0  0  0  0  0]
 [ 0  0  0  0  0  0 -1  0  0]
 [ 0  0  0  0  0  0  0  0  0]
 [ 0  0  0  0  1  0  0  0  0]
 [ 0  0  0  0  0  0  0  0  0]
 [ 0  0  1  0  0  0  0  0  0]
 [ 0  0  0  0  0  0  0  0  1]]
72
[[ 0  0  1  0 -1  0 -1  0  0]
 [ 0  0  0 -1  0  0  0  0  1]
 [ 0  0  0  0  0  0  0  0  0]
 [ 0  0  0  0  0  0 -1  0  0]
 [ 0  0  0  0  0  0  0  0  0]
 [ 0  0  0  0  0  0  0  0  0]
 [ 0  0  0  0  0  0  0  0  0]
 [ 0  0  1  0  0  0  0  0  0]
 [ 1  0  0  0  0  0  0  0  1]]
26
[[ 0  0  1  0 -1  0 -1  0  0]
 [ 0  0  0 -1  0  0  0  0  1]
 [ 0  0  0  0  0  0  0  0  1]
 [ 0  0  0  0  0  0 -1  0  0]
 [ 0  0  0  0  0  0  0  0  0]
 [ 0  0  0  0  0  0  0  0  0]
 [ 0  0  0  0  0  0  0  0  0]
 [ 0  0  1  0  0  0  0  0  0]
 [ 0  0  0  0  0  0  0  0  1]]
70
[[ 0  0  1  0 -1  0 -1  0  0]
 [ 0  0  0 -1  0  0  0  0  1]
 [ 0  0  0  0  0  0  0  0  0]
 [ 0  0  0  0  0  0 -1  0  0]
 [ 0  0  0  0  0  0  0  0  0]
 [ 0  0  0  0  0  0  0  0  0]
 [ 0  0  0  0  0  0  0  0  0]
 [ 0  0  1  0  0  0  0  1  0]
 [ 0  0  0  0  0  0  0  0  1]]
59
[[ 0  0  1  0 -1  0 -1  0  0]
 [ 0  0  0 -1  0  0  0  0  1]
 [ 0  0  0  0  0  0  0  0  0]
 [ 0  0  0  0  0  0 -1  0  0]
 [ 0  0  0  0  0  0  0  0  0]
 [ 0  0  0  0  0  0  0  0  0]
 [ 0  0  0  0  0  1  0  0  0]
 [ 0  0  1  0  0  0  0  0  0]
 [ 0  0  0  0  0  0  0  0  1]]
5
[[ 0  0  1  0 -1  1 -1  0  0]
 [ 0  0  0 -1  0  0  0  0  1]
 [ 0  0  0  0  0  0  0  0  0]
 [ 0  0  0  0  0  0 -1  0  0]
 [ 0  0  0  0  0  0  0  0  0]
 [ 0  0  0  0  0  0  0  0  0]
 [ 0  0  0  0  0  0  0  0  0]
 [ 0  0  1  0  0  0  0  0  0]
 [ 0  0  0  0  0  0  0  0  1]]
27
[[ 0  0  1  0 -1  0 -1  0  0]
 [ 0  0  0 -1  0  0  0  0  1]
 [ 0  0  0  0  0  0  0  0  0]
 [ 1  0  0  0  0  0 -1  0  0]
 [ 0  0  0  0  0  0  0  0  0]
 [ 0  0  0  0  0  0  0  0  0]
 [ 0  0  0  0  0  0  0  0  0]
 [ 0  0  1  0  0  0  0  0  0]
 [ 0  0  0  0  0  0  0  0  1]]
79
[[ 0  0  1  0 -1  0 -1  0  0]
 [ 0  0  0 -1  0  0  0  0  1]
 [ 0  0  0  0  0  0  0  0  0]
 [ 0  0  0  0  0  0 -1  0  0]
 [ 0  0  0  0  0  0  0  0  0]
 [ 0  0  0  0  0  0  0  0  0]
 [ 0  0  0  0  0  0  0  0  0]
 [ 0  0  1  0  0  0  0  0  0]
 [ 0  0  0  0  0  0  0  1  1]]
66
[[ 0  0  1  0 -1  0 -1  0  0]
 [ 0  0  0 -1  0  0  0  0  1]
 [ 0  0  0  0  0  0  0  0  0]
 [ 0  0  0  0  0  0 -1  0  0]
 [ 0  0  0  0  0  0  0  0  0]
 [ 0  0  0  0  0  0  0  0  0]
 [ 0  0  0  0  0  0  0  0  0]
 [ 0  0  1  1  0  0  0  0  0]
 [ 0  0  0  0  0  0  0  0  1]]
55
[[ 0  0  1  0 -1  0 -1  0  0]
 [ 0  0  0 -1  0  0  0  0  1]
 [ 0  0  0  0  0  0  0  0  0]
 [ 0  0  0  0  0  0 -1  0  0]
 [ 0  0  0  0  0  0  0  0  0]
 [ 0  0  0  0  0  0  0  0  0]
 [ 0  1  0  0  0  0  0  0  0]
 [ 0  0  1  0  0  0  0  0  0]
 [ 0  0  0  0  0  0  0  0  1]]
79
[[ 0  0  1  0 -1  0 -1  0  0]
 [ 0  0  0 -1  0  0  0  0  1]
 [ 0  0  0  0  0  0  0  0  0]
 [ 0  0  0  0  0  0 -1  0  0]
 [ 0  0  0  0  0  0  0  0  0]
 [ 0  0  0  0  0  0  0  0  0]
 [ 0  0  0  0  0  0  0  0  0]
 [ 0  0  1  0  0  0  0  0  0]
 [ 0  0  0  0  0  0  0  1  1]]
16
[[ 0  0 -1  0  1  0  1  0  0]
 [ 0  0  0  1  0  0  0  1 -1]
 [ 0  0  0  0  0  0  0  0  0]
 [ 0  0  0  0  0  0  1  0  0]
 [ 0  0  0  0  0  0  0  0  0]
 [ 0  0  0  0  0  0  0  0  0]
 [ 0  0  0  0  0  0  0  0  0]
 [ 0  0 -1  0  0  0  0  0  0]
 [ 0  0  0  0  0  0  0 -1 -1]]
16
[[ 0  0 -1  0  1  0  1  0  0]
 [ 0  0  0  1  0  0  0  1 -1]
 [ 0  0  0  0  0  0  0  0  0]
 [ 0  0  0  0  0  0  1  0  0]
 [ 0  0  0  0  0  0  0  0  0]
 [ 0  0  0  0  0  0  0  0  0]
 [ 0  0  0  0  0  0  0  0  0]
 [ 0  0 -1  0  0  0  0  0  0]
 [ 0  0  0  0  0  0  0 -1 -1]]
43
[[ 0  0  1  0 -1  0 -1  0  0]
 [ 0  0  0 -1  0  0  0 -1  1]
 [ 0  0  0  0  0  0  0  0  0]
 [ 0  0  0  0  0  0 -1  0  0]
 [ 0  0  0  0  0  0  0  1  0]
 [ 0  0  0  0  0  0  0  0  0]
 [ 0  0  0  0  0  0  0  0  0]
 [ 0  0  1  0  0  0  0  0  0]
 [ 0  0  0  0  0  0  0  1  1]]
43
[[ 0  0 -1  0  1  0  1  0  0]
 [ 0  0  0  1  0  0  0  0 -1]
 [ 0  0  0  0  0  0  0  0  0]
 [ 0  0  0  0  0  0  1  0  0]
 [ 0  0  0  0  0  0  0  1  0]
 [ 0  0  0  0  0  0  0  0  0]
 [ 0  0  0  0  0  0  0  0  0]
 [ 0  0 -1  0  0  0  0  0  0]
 [ 0  0  0  0  0  0  0 -1 -1]]
43
[[ 0  0 -1  0  1  0  1  0  0]
 [ 0  0  0  1  0  0  0  0 -1]
 [ 0  0  0  0  0  0  0  0  0]
 [ 0  0  0  0  0  0  1  0  0]
 [ 0  0  0  0  0  0  0  1  0]
 [ 0  0  0  0  0  0  0  0  0]
 [ 0  0  0  0  0  0  0  0  0]
 [ 0  0 -1  0  0  0  0  0  0]
 [ 0  0  0  0  0  0  0 -1 -1]]
16
[[ 0  0  1  0 -1  0 -1  0  0]
 [ 0  0  0 -1  0  0  0  1  1]
 [ 0  0  0  0  0  0  0  0  0]
 [ 0  0  0  0  0  0 -1  0  0]
 [ 0  0  0  0  0  0  0 -1  0]
 [ 0  0  0  0  0  0  0  0  0]
 [ 0  0  0  0  0  0  0  0  0]
 [ 0  0  1  0  0  0  0  0  0]
 [ 0  0  0  0  0  0  0  1  1]]
75
[[ 0  0 -1  0  1  0  1  0  0]
 [ 0  0  0  1  0  0  0  0 -1]
 [ 0  0  0  0  0  0  0  0  0]
 [ 0  0  0  0  0  0  1  0  0]
 [ 0  0  0  0  0  0  0  0  0]
 [ 0  0  0  0  0  0  0  0  0]
 [ 0  0  0  0  0  0  0  0  0]
 [ 0  0 -1  0  0  0  0  0  0]
 [ 0  0  0  1  0  0  0 -1 -1]]
19
[[ 0  0 -1  0  1  0  1  0  0]
 [ 0  0  0  1  0  0  0  0 -1]
 [ 0  1  0  0  0  0  0  0  0]
 [ 0  0  0  0  0  0  1  0  0]
 [ 0  0  0  0  0  0  0  0  0]
 [ 0  0  0  0  0  0  0  0  0]
 [ 0  0  0  0  0  0  0  0  0]
 [ 0  0 -1  0  0  0  0  0  0]
 [ 0  0  0  0  0  0  0 -1 -1]]
21
[[ 0  0 -1  0  1  0  1  0  0]
 [ 0  0  0  1  0  0  0  0 -1]
 [ 0  0  0  1  0  0  0  0  0]
 [ 0  0  0  0  0  0  1  0  0]
 [ 0  0  0  0  0  0  0  0  0]
 [ 0  0  0  0  0  0  0  0  0]
 [ 0  0  0  0  0  0  0  0  0]
 [ 0  0 -1  0  0  0  0  0  0]
 [ 0  0  0  0  0  0  0 -1 -1]]
1
[[ 0  1 -1  0  1  0  1  0  0]
 [ 0  0  0  1  0  0  0  0 -1]
 [ 0  0  0  0  0  0  0  0  0]
 [ 0  0  0  0  0  0  1  0  0]
 [ 0  0  0  0  0  0  0  0  0]
 [ 0  0  0  0  0  0  0  0  0]
 [ 0  0  0  0  0  0  0  0  0]
 [ 0  0 -1  0  0  0  0  0  0]
 [ 0  0  0  0  0  0  0 -1 -1]]
35
[[ 0  0 -1  0  1  0  1  0  0]
 [ 0  0  0  1  0  0  0  0 -1]
 [ 0  0  0  0  0  0  0  0  0]
 [ 0  0  0  0  0  0  1  0  1]
 [ 0  0  0  0  0  0  0  0  0]
 [ 0  0  0  0  0  0  0  0  0]
 [ 0  0  0  0  0  0  0  0  0]
 [ 0  0 -1  0  0  0  0  0  0]
 [ 0  0  0  0  0  0  0 -1 -1]]
57
[[ 0  0 -1  0  1  0  1  0  0]
 [ 0  0  0  1  0  0  0  0 -1]
 [ 0  0  0  0  0  0  0  0  0]
 [ 0  0  0  0  0  0  1  0  0]
 [ 0  0  0  0  0  0  0  0  0]
 [ 0  0  0  0  0  0  0  0  0]
 [ 0  0  0  1  0  0  0  0  0]
 [ 0  0 -1  0  0  0  0  0  0]
 [ 0  0  0  0  0  0  0 -1 -1]]
37
[[ 0  0 -1  0  1  0  1  0  0]
 [ 0  0  0  1  0  0  0  0 -1]
 [ 0  0  0  0  0  0  0  0  0]
 [ 0  0  0  0  0  0  1  0  0]
 [ 0  1  0  0  0  0  0  0  0]
 [ 0  0  0  0  0  0  0  0  0]
 [ 0  0  0  0  0  0  0  0  0]
 [ 0  0 -1  0  0  0  0  0  0]
 [ 0  0  0  0  0  0  0 -1 -1]]
69
[[ 0  0 -1  0  1  0  1  0  0]
 [ 0  0  0  1  0  0  0  0 -1]
 [ 0  0  0  0  0  0  0  0  0]
 [ 0  0  0  0  0  0  1  0  0]
 [ 0  0  0  0  0  0  0  0  0]
 [ 0  0  0  0  0  0  0  0  0]
 [ 0  0  0  0  0  0  0  0  0]
 [ 0  0 -1  0  0  0  1  0  0]
 [ 0  0  0  0  0  0  0 -1 -1]]
42
[[ 0  0 -1  0  1  0  1  0  0]
 [ 0  0  0  1  0  0  0  0 -1]
 [ 0  0  0  0  0  0  0  0  0]
 [ 0  0  0  0  0  0  1  0  0]
 [ 0  0  0  0  0  0  1  0  0]
 [ 0  0  0  0  0  0  0  0  0]
 [ 0  0  0  0  0  0  0  0  0]
 [ 0  0 -1  0  0  0  0  0  0]
 [ 0  0  0  0  0  0  0 -1 -1]]
50
[[ 0  0 -1  0  1  0  1  0  0]
 [ 0  0  0  1  0  0  0  0 -1]
 [ 0  0  0  0  0  0  0  0  0]
 [ 0  0  0  0  0  0  1  0  0]
 [ 0  0  0  0  0  0  0  0  0]
 [ 0  0  0  0  0  1  0  0  0]
 [ 0  0  0  0  0  0  0  0  0]
 [ 0  0 -1  0  0  0  0  0  0]
 [ 0  0  0  0  0  0  0 -1 -1]]
18
[[ 0  0 -1  0  1  0  1  0  0]
 [ 0  0  0  1  0  0  0  0 -1]
 [ 1  0  0  0  0  0  0  0  0]
 [ 0  0  0  0  0  0  1  0  0]
 [ 0  0  0  0  0  0  0  0  0]
 [ 0  0  0  0  0  0  0  0  0]
 [ 0  0  0  0  0  0  0  0  0]
 [ 0  0 -1  0  0  0  0  0  0]
 [ 0  0  0  0  0  0  0 -1 -1]]
72
[[ 0  0 -1  0  1  0  1  0  0]
 [ 0  0  0  1  0  0  0  0 -1]
 [ 0  0  0  0  0  0  0  0  0]
 [ 0  0  0  0  0  0  1  0  0]
 [ 0  0  0  0  0  0  0  0  0]
 [ 0  0  0  0  0  0  0  0  0]
 [ 0  0  0  0  0  0  0  0  0]
 [ 0  0 -1  0  0  0  0  0  0]
 [ 1  0  0  0  0  0  0 -1 -1]]
49
[[ 0  0 -1  0  1  0  1  0  0]
 [ 0  0  0  1  0  0  0  0 -1]
 [ 0  0  0  0  0  0  0  0  0]
 [ 0  0  0  0  0  0  1  0  0]
 [ 0  0  0  0  0  0  0  0  0]
 [ 0  0  0  0  1  0  0  0  0]
 [ 0  0  0  0  0  0  0  0  0]
 [ 0  0 -1  0  0  0  0  0  0]
 [ 0  0  0  0  0  0  0 -1 -1]]
70
[[ 0  0 -1  0  1  0  1  0  0]
 [ 0  0  0  1  0  0  0  0 -1]
 [ 0  0  0  0  0  0  0  0  0]
 [ 0  0  0  0  0  0  1  0  0]
 [ 0  0  0  0  0  0  0  0  0]
 [ 0  0  0  0  0  0  0  0  0]
 [ 0  0  0  0  0  0  0  0  0]
 [ 0  0 -1  0  0  0  0  1  0]
 [ 0  0  0  0  0  0  0 -1 -1]]
26
[[ 0  0 -1  0  1  0  1  0  0]
 [ 0  0  0  1  0  0  0  0 -1]
 [ 0  0  0  0  0  0  0  0  1]
 [ 0  0  0  0  0  0  1  0  0]
 [ 0  0  0  0  0  0  0  0  0]
 [ 0  0  0  0  0  0  0  0  0]
 [ 0  0  0  0  0  0  0  0  0]
 [ 0  0 -1  0  0  0  0  0  0]
 [ 0  0  0  0  0  0  0 -1 -1]]
59
[[ 0  0 -1  0  1  0  1  0  0]
 [ 0  0  0  1  0  0  0  0 -1]
 [ 0  0  0  0  0  0  0  0  0]
 [ 0  0  0  0  0  0  1  0  0]
 [ 0  0  0  0  0  0  0  0  0]
 [ 0  0  0  0  0  0  0  0  0]
 [ 0  0  0  0  0  1  0  0  0]
 [ 0  0 -1  0  0  0  0  0  0]
 [ 0  0  0  0  0  0  0 -1 -1]]
5
[[ 0  0 -1  0  1  1  1  0  0]
 [ 0  0  0  1  0  0  0  0 -1]
 [ 0  0  0  0  0  0  0  0  0]
 [ 0  0  0  0  0  0  1  0  0]
 [ 0  0  0  0  0  0  0  0  0]
 [ 0  0  0  0  0  0  0  0  0]
 [ 0  0  0  0  0  0  0  0  0]
 [ 0  0 -1  0  0  0  0  0  0]
 [ 0  0  0  0  0  0  0 -1 -1]]
27
[[ 0  0 -1  0  1  0  1  0  0]
 [ 0  0  0  1  0  0  0  0 -1]
 [ 0  0  0  0  0  0  0  0  0]
 [ 1  0  0  0  0  0  1  0  0]
 [ 0  0  0  0  0  0  0  0  0]
 [ 0  0  0  0  0  0  0  0  0]
 [ 0  0  0  0  0  0  0  0  0]
 [ 0  0 -1  0  0  0  0  0  0]
 [ 0  0  0  0  0  0  0 -1 -1]]
66
[[ 0  0 -1  0  1  0  1  0  0]
 [ 0  0  0  1  0  0  0  0 -1]
 [ 0  0  0  0  0  0  0  0  0]
 [ 0  0  0  0  0  0  1  0  0]
 [ 0  0  0  0  0  0  0  0  0]
 [ 0  0  0  0  0  0  0  0  0]
 [ 0  0  0  0  0  0  0  0  0]
 [ 0  0 -1  1  0  0  0  0  0]
 [ 0  0  0  0  0  0  0 -1 -1]]
55
[[ 0  0 -1  0  1  0  1  0  0]
 [ 0  0  0  1  0  0  0  0 -1]
 [ 0  0  0  0  0  0  0  0  0]
 [ 0  0  0  0  0  0  1  0  0]
 [ 0  0  0  0  0  0  0  0  0]
 [ 0  0  0  0  0  0  0  0  0]
 [ 0  1  0  0  0  0  0  0  0]
 [ 0  0 -1  0  0  0  0  0  0]
 [ 0  0  0  0  0  0  0 -1 -1]]
39
[[ 0  0 -1  0  1  0  1  0  0]
 [ 0  0  0  1  0  0  0  0 -1]
 [ 0  0  0  0  0  0  0  0  0]
 [ 0  0  0  0  0  0  1  0  0]
 [ 0  0  0  1  0  0  0  0  0]
 [ 0  0  0  0  0  0  0  0  0]
 [ 0  0  0  0  0  0  0  0  0]
 [ 0  0 -1  0  0  0  0  0  0]
 [ 0  0  0  0  0  0  0 -1 -1]]
69
[[ 0  0  1  0 -1  0 -1  0  0]
 [ 0  0  0 -1  0  0  0  0  1]
 [ 0  0  0  0  0  0  0  0  0]
 [ 0  0  0  0  0  0 -1  0  0]
 [ 0  0  0  0  0  0  0  0  0]
 [ 0  0  0  0  0  0  0  0  0]
 [ 0  0  0  0  0  0  0  0  0]
 [ 0  0  1  0  0  0 -1  0  0]
 [ 0  0  0  0  0  0  0  1  1]]
16
[[ 0  0  1  0 -1  0 -1  0  0]
 [ 0  0  0 -1  0  0  0  1  1]
 [ 0  0  0  0  0  0  0  0  0]
 [ 0  0  0  0  0  0 -1  0  0]
 [ 0  0  0  0  0  0  0  0  0]
 [ 0  0  0  0  0  0  0  0  0]
 [ 0  0  0  0  0  0  0  0  0]
 [ 0  0  1  0  0  0 -1  0  0]
 [ 0  0  0  0  0  0  0  1  1]]
16
[[ 0  0  1  0 -1  0 -1  0  0]
 [ 0  0  0 -1  0  0  0  1  1]
 [ 0  0  0  0  0  0  0  0  0]
 [ 0  0  0  0  0  0 -1  0  0]
 [ 0  0  0  0  0  0  0  0  0]
 [ 0  0  0  0  0  0  0  0  0]
 [ 0  0  0  0  0  0  0  0  0]
 [ 0  0  1  0  0  0 -1  0  0]
 [ 0  0  0  0  0  0  0  1  1]]
43
[[ 0  0 -1  0  1  0  1  0  0]
 [ 0  0  0  1  0  0  0 -1 -1]
 [ 0  0  0  0  0  0  0  0  0]
 [ 0  0  0  0  0  0  1  0  0]
 [ 0  0  0  0  0  0  0  1  0]
 [ 0  0  0  0  0  0  0  0  0]
 [ 0  0  0  0  0  0  0  0  0]
 [ 0  0 -1  0  0  0  1  0  0]
 [ 0  0  0  0  0  0  0 -1 -1]]
43
[[ 0  0  1  0 -1  0 -1  0  0]
 [ 0  0  0 -1  0  0  0  0  1]
 [ 0  0  0  0  0  0  0  0  0]
 [ 0  0  0  0  0  0 -1  0  0]
 [ 0  0  0  0  0  0  0  1  0]
 [ 0  0  0  0  0  0  0  0  0]
 [ 0  0  0  0  0  0  0  0  0]
 [ 0  0  1  0  0  0 -1  0  0]
 [ 0  0  0  0  0  0  0  1  1]]
43
[[ 0  0  1  0 -1  0 -1  0  0]
 [ 0  0  0 -1  0  0  0  0  1]
 [ 0  0  0  0  0  0  0  0  0]
 [ 0  0  0  0  0  0 -1  0  0]
 [ 0  0  0  0  0  0  0  1  0]
 [ 0  0  0  0  0  0  0  0  0]
 [ 0  0  0  0  0  0  0  0  0]
 [ 0  0  1  0  0  0 -1  0  0]
 [ 0  0  0  0  0  0  0  1  1]]
16
[[ 0  0 -1  0  1  0  1  0  0]
 [ 0  0  0  1  0  0  0  1 -1]
 [ 0  0  0  0  0  0  0  0  0]
 [ 0  0  0  0  0  0  1  0  0]
 [ 0  0  0  0  0  0  0 -1  0]
 [ 0  0  0  0  0  0  0  0  0]
 [ 0  0  0  0  0  0  0  0  0]
 [ 0  0 -1  0  0  0  1  0  0]
 [ 0  0  0  0  0  0  0 -1 -1]]
75
[[ 0  0  1  0 -1  0 -1  0  0]
 [ 0  0  0 -1  0  0  0  0  1]
 [ 0  0  0  0  0  0  0  0  0]
 [ 0  0  0  0  0  0 -1  0  0]
 [ 0  0  0  0  0  0  0  0  0]
 [ 0  0  0  0  0  0  0  0  0]
 [ 0  0  0  0  0  0  0  0  0]
 [ 0  0  1  0  0  0 -1  0  0]
 [ 0  0  0  1  0  0  0  1  1]]
19
[[ 0  0  1  0 -1  0 -1  0  0]
 [ 0  0  0 -1  0  0  0  0  1]
 [ 0  1  0  0  0  0  0  0  0]
 [ 0  0  0  0  0  0 -1  0  0]
 [ 0  0  0  0  0  0  0  0  0]
 [ 0  0  0  0  0  0  0  0  0]
 [ 0  0  0  0  0  0  0  0  0]
 [ 0  0  1  0  0  0 -1  0  0]
 [ 0  0  0  0  0  0  0  1  1]]
21
[[ 0  0  1  0 -1  0 -1  0  0]
 [ 0  0  0 -1  0  0  0  0  1]
 [ 0  0  0  1  0  0  0  0  0]
 [ 0  0  0  0  0  0 -1  0  0]
 [ 0  0  0  0  0  0  0  0  0]
 [ 0  0  0  0  0  0  0  0  0]
 [ 0  0  0  0  0  0  0  0  0]
 [ 0  0  1  0  0  0 -1  0  0]
 [ 0  0  0  0  0  0  0  1  1]]
1
[[ 0  1  1  0 -1  0 -1  0  0]
 [ 0  0  0 -1  0  0  0  0  1]
 [ 0  0  0  0  0  0  0  0  0]
 [ 0  0  0  0  0  0 -1  0  0]
 [ 0  0  0  0  0  0  0  0  0]
 [ 0  0  0  0  0  0  0  0  0]
 [ 0  0  0  0  0  0  0  0  0]
 [ 0  0  1  0  0  0 -1  0  0]
 [ 0  0  0  0  0  0  0  1  1]]
35
[[ 0  0  1  0 -1  0 -1  0  0]
 [ 0  0  0 -1  0  0  0  0  1]
 [ 0  0  0  0  0  0  0  0  0]
 [ 0  0  0  0  0  0 -1  0  1]
 [ 0  0  0  0  0  0  0  0  0]
 [ 0  0  0  0  0  0  0  0  0]
 [ 0  0  0  0  0  0  0  0  0]
 [ 0  0  1  0  0  0 -1  0  0]
 [ 0  0  0  0  0  0  0  1  1]]
57
[[ 0  0  1  0 -1  0 -1  0  0]
 [ 0  0  0 -1  0  0  0  0  1]
 [ 0  0  0  0  0  0  0  0  0]
 [ 0  0  0  0  0  0 -1  0  0]
 [ 0  0  0  0  0  0  0  0  0]
 [ 0  0  0  0  0  0  0  0  0]
 [ 0  0  0  1  0  0  0  0  0]
 [ 0  0  1  0  0  0 -1  0  0]
 [ 0  0  0  0  0  0  0  1  1]]
37
[[ 0  0  1  0 -1  0 -1  0  0]
 [ 0  0  0 -1  0  0  0  0  1]
 [ 0  0  0  0  0  0  0  0  0]
 [ 0  0  0  0  0  0 -1  0  0]
 [ 0  1  0  0  0  0  0  0  0]
 [ 0  0  0  0  0  0  0  0  0]
 [ 0  0  0  0  0  0  0  0  0]
 [ 0  0  1  0  0  0 -1  0  0]
 [ 0  0  0  0  0  0  0  1  1]]
42
[[ 0  0  1  0 -1  0 -1  0  0]
 [ 0  0  0 -1  0  0  0  0  1]
 [ 0  0  0  0  0  0  0  0  0]
 [ 0  0  0  0  0  0 -1  0  0]
 [ 0  0  0  0  0  0  1  0  0]
 [ 0  0  0  0  0  0  0  0  0]
 [ 0  0  0  0  0  0  0  0  0]
 [ 0  0  1  0  0  0 -1  0  0]
 [ 0  0  0  0  0  0  0  1  1]]
18
[[ 0  0  1  0 -1  0 -1  0  0]
 [ 0  0  0 -1  0  0  0  0  1]
 [ 1  0  0  0  0  0  0  0  0]
 [ 0  0  0  0  0  0 -1  0  0]
 [ 0  0  0  0  0  0  0  0  0]
 [ 0  0  0  0  0  0  0  0  0]
 [ 0  0  0  0  0  0  0  0  0]
 [ 0  0  1  0  0  0 -1  0  0]
 [ 0  0  0  0  0  0  0  1  1]]
50
[[ 0  0  1  0 -1  0 -1  0  0]
 [ 0  0  0 -1  0  0  0  0  1]
 [ 0  0  0  0  0  0  0  0  0]
 [ 0  0  0  0  0  0 -1  0  0]
 [ 0  0  0  0  0  0  0  0  0]
 [ 0  0  0  0  0  1  0  0  0]
 [ 0  0  0  0  0  0  0  0  0]
 [ 0  0  1  0  0  0 -1  0  0]
 [ 0  0  0  0  0  0  0  1  1]]
49
[[ 0  0  1  0 -1  0 -1  0  0]
 [ 0  0  0 -1  0  0  0  0  1]
 [ 0  0  0  0  0  0  0  0  0]
 [ 0  0  0  0  0  0 -1  0  0]
 [ 0  0  0  0  0  0  0  0  0]
 [ 0  0  0  0  1  0  0  0  0]
 [ 0  0  0  0  0  0  0  0  0]
 [ 0  0  1  0  0  0 -1  0  0]
 [ 0  0  0  0  0  0  0  1  1]]
72
[[ 0  0  1  0 -1  0 -1  0  0]
 [ 0  0  0 -1  0  0  0  0  1]
 [ 0  0  0  0  0  0  0  0  0]
 [ 0  0  0  0  0  0 -1  0  0]
 [ 0  0  0  0  0  0  0  0  0]
 [ 0  0  0  0  0  0  0  0  0]
 [ 0  0  0  0  0  0  0  0  0]
 [ 0  0  1  0  0  0 -1  0  0]
 [ 1  0  0  0  0  0  0  1  1]]
26
[[ 0  0  1  0 -1  0 -1  0  0]
 [ 0  0  0 -1  0  0  0  0  1]
 [ 0  0  0  0  0  0  0  0  1]
 [ 0  0  0  0  0  0 -1  0  0]
 [ 0  0  0  0  0  0  0  0  0]
 [ 0  0  0  0  0  0  0  0  0]
 [ 0  0  0  0  0  0  0  0  0]
 [ 0  0  1  0  0  0 -1  0  0]
 [ 0  0  0  0  0  0  0  1  1]]
70
[[ 0  0  1  0 -1  0 -1  0  0]
 [ 0  0  0 -1  0  0  0  0  1]
 [ 0  0  0  0  0  0  0  0  0]
 [ 0  0  0  0  0  0 -1  0  0]
 [ 0  0  0  0  0  0  0  0  0]
 [ 0  0  0  0  0  0  0  0  0]
 [ 0  0  0  0  0  0  0  0  0]
 [ 0  0  1  0  0  0 -1  1  0]
 [ 0  0  0  0  0  0  0  1  1]]
59
[[ 0  0  1  0 -1  0 -1  0  0]
 [ 0  0  0 -1  0  0  0  0  1]
 [ 0  0  0  0  0  0  0  0  0]
 [ 0  0  0  0  0  0 -1  0  0]
 [ 0  0  0  0  0  0  0  0  0]
 [ 0  0  0  0  0  0  0  0  0]
 [ 0  0  0  0  0  1  0  0  0]
 [ 0  0  1  0  0  0 -1  0  0]
 [ 0  0  0  0  0  0  0  1  1]]
27
[[ 0  0  1  0 -1  0 -1  0  0]
 [ 0  0  0 -1  0  0  0  0  1]
 [ 0  0  0  0  0  0  0  0  0]
 [ 1  0  0  0  0  0 -1  0  0]
 [ 0  0  0  0  0  0  0  0  0]
 [ 0  0  0  0  0  0  0  0  0]
 [ 0  0  0  0  0  0  0  0  0]
 [ 0  0  1  0  0  0 -1  0  0]
 [ 0  0  0  0  0  0  0  1  1]]
5
[[ 0  0  1  0 -1  1 -1  0  0]
 [ 0  0  0 -1  0  0  0  0  1]
 [ 0  0  0  0  0  0  0  0  0]
 [ 0  0  0  0  0  0 -1  0  0]
 [ 0  0  0  0  0  0  0  0  0]
 [ 0  0  0  0  0  0  0  0  0]
 [ 0  0  0  0  0  0  0  0  0]
 [ 0  0  1  0  0  0 -1  0  0]
 [ 0  0  0  0  0  0  0  1  1]]
66
[[ 0  0  1  0 -1  0 -1  0  0]
 [ 0  0  0 -1  0  0  0  0  1]
 [ 0  0  0  0  0  0  0  0  0]
 [ 0  0  0  0  0  0 -1  0  0]
 [ 0  0  0  0  0  0  0  0  0]
 [ 0  0  0  0  0  0  0  0  0]
 [ 0  0  0  0  0  0  0  0  0]
 [ 0  0  1  1  0  0 -1  0  0]
 [ 0  0  0  0  0  0  0  1  1]]
55
[[ 0  0  1  0 -1  0 -1  0  0]
 [ 0  0  0 -1  0  0  0  0  1]
 [ 0  0  0  0  0  0  0  0  0]
 [ 0  0  0  0  0  0 -1  0  0]
 [ 0  0  0  0  0  0  0  0  0]
 [ 0  0  0  0  0  0  0  0  0]
 [ 0  1  0  0  0  0  0  0  0]
 [ 0  0  1  0  0  0 -1  0  0]
 [ 0  0  0  0  0  0  0  1  1]]
